[{"id": 0, "img_name": "frame_1", "width": 1080, "height": 1080, "position": [0.001127452502461137, -10.374156080289197, -1.8085107748212517e-07], "rotation": [[0.9999997280898517, -1.1920662498808719e-07, -0.0007374416643225103], [0.0007374416643124591, -8.433765570062393e-08, 0.9999997280898556], [-1.1926878667562352e-07, -0.9999999999999896, -8.424972483643127e-08]], "fy": 613.6, "fx": 613.6}, {"id": 1, "img_name": "frame_10", "width": 1080, "height": 1080, "position": [0.0011485909517927372, -10.350757066292495, 6.35051726226554e-07], "rotation": [[0.9999976940263228, -5.994390594998188e-08, -0.002147543255316044], [0.002147543255326119, 1.6852313016616013e-07, 0.9999976940263102], [-5.9581857009476394e-08, -0.9999999999999838, 1.6865147368717873e-07]], "fy": 613.6, "fx": 613.6}, {"id": 2, "img_name": "frame_100", "width": 1080, "height": 1080, "position": [-0.06490674478701358, -8.33156045698944, 5.538354719267162e-07], "rotation": [[0.9984992439245293, -1.8432327337109555e-07, -0.054765499012694355], [0.05476549901269436, -5.051067899996385e-09, 0.9984992439245466], [-1.843232733345491e-07, -0.9999999999999833, 5.051068566321328e-09]], "fy": 613.6, "fx": 613.6}, {"id": 3, "img_name": "frame_101", "width": 1080, "height": 1080, "position": [-0.06437776126392626, -8.293088593626672, 9.801842501907626e-08], "rotation": [[0.9967135150367887, -1.7634486168120855e-07, 0.08100721537602908], [-0.08100721537602908, 7.154359579908522e-09, 0.9967135150368042], [-1.7634486170342908e-07, -0.9999999999999847, -7.154359306506867e-09]], "fy": 613.6, "fx": 613.6}, {"id": 4, "img_name": "frame_102", "width": 1080, "height": 1080, "position": [-0.05814160326299848, -8.255087154480197, -4.812808486456299e-07], "rotation": [[0.9764781082740082, -1.1388715077163354e-07, 0.21561656722432423], [-0.21561656722433312, -7.23696992677442e-08, 0.9764781082740103], [-9.560420346436339e-08, -0.9999999999999913, -9.52233835434836e-08]], "fy": 613.6, "fx": 613.6}, {"id": 5, "img_name": "frame_103", "width": 1080, "height": 1080, "position": [-0.048505216116101334, -8.217249991424634, -1.9256968566303645e-08], "rotation": [[0.9379398508721397, 3.559252705198011e-08, 0.34679797598306056], [-0.3467979759830623, 7.926341254312724e-08, 0.9379398508721363], [5.895258515288736e-09, -0.9999999999999962, 8.668772969157447e-08]], "fy": 613.6, "fx": 613.6}, {"id": 6, "img_name": "frame_104", "width": 1080, "height": 1080, "position": [-0.030994914248147983, -8.18211029831622, -5.835630733433222e-07], "rotation": [[0.9130956555509406, -3.0393196723736946e-09, 0.40774541544203524], [-0.40774541544203347, 8.683477750807684e-08, 0.9130956555509373], [-3.818167205494006e-08, -0.9999999999999962, 7.80491894138499e-08]], "fy": 613.6, "fx": 613.6}, {"id": 7, "img_name": "frame_105", "width": 1080, "height": 1080, "position": [-0.01277795014925897, -8.146941678789048, -7.153978961768571e-07], "rotation": [[0.8865749178340204, -2.0860243195442064e-08, 0.46258503549898744], [-0.46258503549898383, 9.190556935552252e-08, 0.8865749178340182], [-6.100830955046397e-08, -0.9999999999999958, 7.183153624568384e-08]], "fy": 613.6, "fx": 613.6}, {"id": 8, "img_name": "frame_106", "width": 1080, "height": 1080, "position": [0.0058873587718181585, -8.111693260288778, 1.4665749694600924e-07], "rotation": [[0.8981444545526303, -2.203689002724669e-08, 0.4397005102980411], [-0.43970051029803753, 9.163056177553297e-08, 0.8981444545526277], [-6.008231538077236e-08, -0.9999999999999956, 7.260784912788501e-08]], "fy": 613.6, "fx": 613.6}, {"id": 9, "img_name": "frame_107", "width": 1080, "height": 1080, "position": [0.024690975035732796, -8.076207619341465, 5.267536601758758e-07], "rotation": [[0.9102304823873697, 1.5121908249170208e-08, 0.4141020030534218], [-0.4141020030534182, 1.692250821077419e-07, 0.9102304823873557], [-5.63120236233007e-08, -0.9999999999999856, 1.6029584061599116e-07]], "fy": 613.6, "fx": 613.6}, {"id": 10, "img_name": "frame_108", "width": 1080, "height": 1080, "position": [0.04362259598962527, -8.040480336268452, -4.000627022911548e-07], "rotation": [[0.9216620834788547, -3.9738983736268976e-09, 0.3879935616442833], [-0.38799356164428156, 8.679702946484878e-08, 0.9216620834788515], [-3.733928003231047e-08, -0.9999999999999962, 7.845568403738972e-08]], "fy": 613.6, "fx": 613.6}, {"id": 11, "img_name": "frame_109", "width": 1080, "height": 1080, "position": [0.05855790120365304, -8.002839970624068, -1.3610008794124348e-07], "rotation": [[0.9405829971524886, -1.6608059520218994e-08, 0.33956387538671007], [-0.3395638753867074, 8.848050814341779e-08, 0.9405829971524856], [-4.566604263159101e-08, -0.999999999999996, 7.75837644847588e-08]], "fy": 613.6, "fx": 613.6}, {"id": 12, "img_name": "frame_11", "width": 1080, "height": 1080, "position": [0.001153038993873269, -10.345831350564772, 5.975935099328322e-07], "rotation": [[0.9999970124944016, -1.1915506023432588e-07, -0.0024443817740496406], [0.0024443817740295182, -1.687331552474848e-07, 0.9999970124943945], [-1.1956715250738578e-07, -0.9999999999999787, -1.6844139069871873e-07]], "fy": 613.6, "fx": 613.6}, {"id": 13, "img_name": "frame_110", "width": 1080, "height": 1080, "position": [0.07000100267617587, -7.963491763320809, 2.8031999618932774e-07], "rotation": [[0.9627478566868577, -5.325667121188505e-08, 0.2704007478629801], [-0.2704007478629836, -7.775288749329232e-08, 0.9627478566868549], [-3.024830710927005e-08, -0.9999999999999956, -8.925706950536801e-08]], "fy": 613.6, "fx": 613.6}, {"id": 14, "img_name": "frame_111", "width": 1080, "height": 1080, "position": [0.08151898215110327, -7.923888869370746, -4.121571260259073e-07], "rotation": [[0.9799293620384352, -3.349059351044175e-08, 0.19934504110948936], [-0.1993450411094858, 8.809179211665722e-08, 0.9799293620384324], [-5.037907780867812e-08, -0.9999999999999953, 7.964754991465756e-08]], "fy": 613.6, "fx": 613.6}, {"id": 15, "img_name": "frame_112", "width": 1080, "height": 1080, "position": [0.08733794062664796, -7.883003771549523, -1.1340162391489205e-08], "rotation": [[0.9923986473190474, -1.7872172561411978e-07, 0.12306471793041616], [-0.1230647179304308, -7.341521599547176e-08, 0.9923986473190589], [-1.6832837588993253e-07, -0.9999999999999813, -9.485149979672606e-08]], "fy": 613.6, "fx": 613.6}, {"id": 16, "img_name": "frame_113", "width": 1080, "height": 1080, "position": [0.09018030811335842, -7.841324536685049, -2.1677994030943057e-07], "rotation": [[0.9990484822126127, -1.7880837269976507e-07, 0.04361341752996108], [-0.04361341752999061, -1.6472643102005805e-07, 0.9990484822126143], [-1.7145395075451643e-07, -0.9999999999999709, -1.7236813510765327e-07]], "fy": 613.6, "fx": 613.6}, {"id": 17, "img_name": "frame_114", "width": 1080, "height": 1080, "position": [0.09217016522149915, -7.799408909551543, -5.283549520079684e-07], "rotation": [[0.99937168880272, -1.2115315042145084e-07, -0.035443301476935134], [0.035443301476935134, -2.147708244535979e-09, 0.9993716888027274], [-1.2115315040104955e-07, -0.9999999999999929, 2.147708819777254e-09]], "fy": 613.6, "fx": 613.6}, {"id": 18, "img_name": "frame_115", "width": 1080, "height": 1080, "position": [0.08693841554738081, -7.757432660539093, 2.399049095094631e-07], "rotation": [[0.9944615223897683, -1.7970114041973652e-07, -0.1051012867960814], [0.10510128679606585, -9.388029010726413e-08, 0.9944615223897816], [-1.8857280897181445e-07, -0.9999999999999796, -7.44735151257457e-08]], "fy": 613.6, "fx": 613.6}, {"id": 19, "img_name": "frame_116", "width": 1080, "height": 1080, "position": [0.08167464377785966, -7.715202094910311, 4.991497583637154e-07], "rotation": [[0.9846275691421592, -7.34729844720311e-08, -0.17466696907313947], [0.17466696907313947, -6.4663534728005255e-09, 0.984627569142162], [-7.34729844487002e-08, -0.9999999999999973, 6.4663536043208805e-09]], "fy": 613.6, "fx": 613.6}, {"id": 20, "img_name": "frame_117", "width": 1080, "height": 1080, "position": [0.0720704042942549, -7.673569841768077, -1.0112063664777035e-07], "rotation": [[0.9736010015745933, -1.980893697986172e-07, -0.22825663130106363], [0.22825663130107957, 6.194557548802839e-08, 0.9736010015746075], [-1.787205205054216e-07, -0.9999999999999782, 1.0552548659090833e-07]], "fy": 613.6, "fx": 613.6}, {"id": 21, "img_name": "frame_118", "width": 1080, "height": 1080, "position": [0.06070712340759118, -7.632025282131246, 2.915333812685293e-07], "rotation": [[0.9613250286799864, -1.0962778652265943e-07, -0.27541639245587946], [0.27541639245582616, -3.558772395977979e-07, 0.9613250286799419], [-2.0340236055739159e-07, -0.9999999999999303, -3.1192040807562363e-07]], "fy": 613.6, "fx": 613.6}, {"id": 22, "img_name": "frame_119", "width": 1080, "height": 1080, "position": [0.04791914462059821, -7.590671879618306, 4.8989881910009115e-08], "rotation": [[0.949937729725078, -1.8433976594283432e-07, -0.3124392895343526], [0.31243928953433564, -1.1490574212443128e-07, 0.9499377297250942], [-2.1101236722595405e-07, -0.9999999999999762, -5.1558314292079484e-08]], "fy": 613.6, "fx": 613.6}, {"id": 23, "img_name": "frame_12", "width": 1080, "height": 1080, "position": [0.0011579004690210962, -10.340447616117627, 5.835863551541504e-07], "rotation": [[0.9999961669090591, -5.98795541686867e-08, -0.0027687844237788382], [0.002768784423783876, 8.421088296746738e-08, 0.9999961669090573], [-5.964616286440122e-08, -0.9999999999999944, 8.43763537563812e-08]], "fy": 613.6, "fx": 613.6}, {"id": 24, "img_name": "frame_120", "width": 1080, "height": 1080, "position": [0.032961014448423524, -7.549745760861306, -2.586968178258779e-07], "rotation": [[0.9424704106727831, -1.064000824680894e-07, -0.3342895825571958], [0.3342895825571727, -1.8937660717704912e-07, 0.9424704106727783], [-1.635855563775133e-07, -0.9999999999999765, -1.429134095861511e-07]], "fy": 613.6, "fx": 613.6}, {"id": 25, "img_name": "frame_121", "width": 1080, "height": 1080, "position": [0.01782018332008132, -7.508622023893932, 5.920739920498075e-08], "rotation": [[0.9354616852732002, -1.2997217985777542e-07, -0.3534281191215653], [0.3534281191215528, -1.0942134759923515e-07, 0.9354616852732076], [-1.6025657544885866e-07, -0.9999999999999856, -5.64236551715881e-08]], "fy": 613.6, "fx": 613.6}, {"id": 26, "img_name": "frame_122", "width": 1080, "height": 1080, "position": [0.00176732505390626, -7.467579575562197, 4.870006627535725e-07], "rotation": [[0.9367688755358792, -6.796243653238626e-08, -0.34994867313256084], [0.34994867313255373, -9.793856690006919e-08, 0.9367688755358792], [-9.793856679184632e-08, -0.9999999999999929, -6.796243669873856e-08]], "fy": 613.6, "fx": 613.6}, {"id": 27, "img_name": "frame_123", "width": 1080, "height": 1080, "position": [-0.014374636864843963, -7.426309582886521, 4.577286771788227e-07], "rotation": [[0.9380694189213681, 4.460832869401745e-09, -0.3464473485026644], [0.34644734850266345, -8.483248825065355e-08, 0.9380694189213646], [-2.52054197240394e-08, -0.9999999999999962, -8.11242066808306e-08]], "fy": 613.6, "fx": 613.6}, {"id": 28, "img_name": "frame_124", "width": 1080, "height": 1080, "position": [-0.0292027371562199, -7.38429412042771, -6.882819791040803e-08], "rotation": [[0.9474615004720982, 9.794253307761366e-09, -0.31986982527765884], [0.31986982527765095, -2.546607918183987e-07, 0.9474615004720667], [-7.21786250579679e-08, -0.9999999999999676, -2.444141820156078e-07]], "fy": 613.6, "fx": 613.6}, {"id": 29, "img_name": "frame_125", "width": 1080, "height": 1080, "position": [-0.043874801816676585, -7.341964651662199, -3.906053186083911e-07], "rotation": [[0.9573437929309164, -7.296619536026982e-08, -0.2889513144746731], [0.2889513144746731, -1.0771576529412582e-08, 0.957343792930919], [-7.296619547856496e-08, -0.9999999999999971, 1.0771576137481065e-08]], "fy": 613.6, "fx": 613.6}, {"id": 30, "img_name": "frame_126", "width": 1080, "height": 1080, "position": [-0.055678070777025475, -7.298555157492711, 2.7209777721602733e-07], "rotation": [[0.9711587892312586, -1.079844874590717e-08, -0.23843365135583444], [0.23843365135583267, -8.621432804019745e-08, 0.9711587892312552], [-3.104340545798795e-08, -0.9999999999999962, -8.115308886975598e-08]], "fy": 613.6, "fx": 613.6}, {"id": 31, "img_name": "frame_127", "width": 1080, "height": 1080, "position": [-0.06601961759130663, -7.25447510990755, -4.939617810729711e-08], "rotation": [[0.9842213733412715, -4.799615959417695e-08, -0.17694148258172582], [0.17694148258171516, -1.7353639609099543e-07, 0.9842213733412591], [-7.794463333915946e-08, -0.9999999999999838, -1.6230571844698628e-07]], "fy": 613.6, "fx": 613.6}, {"id": 32, "img_name": "frame_128", "width": 1080, "height": 1080, "position": [-0.07256952685940474, -7.209592158227495, 3.457972405668545e-07], "rotation": [[0.9948412122741489, -5.4576514796855116e-08, -0.1014443806275084], [0.10144438062749776, -1.7158064556162106e-07, 0.9948412122741364], [-7.1700858476412e-08, -0.9999999999999836, -1.651590166921709e-07]], "fy": 613.6, "fx": 613.6}, {"id": 33, "img_name": "frame_129", "width": 1080, "height": 1080, "position": [-0.07548507590351566, -7.163939349234993, 2.663098126534595e-07], "rotation": [[0.9999216135186061, -1.792514143248584e-07, -0.012520655666357986], [0.012520655666342834, -8.541756721033796e-08, 0.9999216135186186], [-1.803068473846943e-07, -0.9999999999999802, -8.316652639132182e-08]], "fy": 613.6, "fx": 613.6}, {"id": 34, "img_name": "frame_13", "width": 1080, "height": 1080, "position": [0.0011631780273070869, -10.334608997899773, 4.5370252718486764e-07], "rotation": [[0.9999951303139052, -6.005901033389765e-08, -0.0031207929236603408], [0.0031207929236653923, 8.420008520066035e-08, 0.999995130313903], [-5.979594683586329e-08, -0.9999999999999944, 8.438710690712972e-08]], "fy": 613.6, "fx": 613.6}, {"id": 35, "img_name": "frame_130", "width": 1080, "height": 1080, "position": [-0.07475833560752898, -7.118212915583488, 3.0132303818915777e-07], "rotation": [[0.9967753971589624, -5.188844264490886e-08, 0.08024218104332835], [-0.08024218104332369, 8.644691709820841e-08, 0.99677539715896], [-5.865781218575898e-08, -0.9999999999999949, 8.200451831572397e-08]], "fy": 613.6, "fx": 613.6}, {"id": 36, "img_name": "frame_131", "width": 1080, "height": 1080, "position": [-0.0677861754304452, -7.0725333389754095, 7.064982465599834e-08], "rotation": [[0.9839738987493548, -5.247205834457355e-08, 0.17831255306341065], [-0.17831255306341065, 4.716002872982064e-09, 0.9839738987493561], [-5.2472058329416725e-08, -0.9999999999999984, -4.716002956621272e-09]], "fy": 613.6, "fx": 613.6}, {"id": 37, "img_name": "frame_132", "width": 1080, "height": 1080, "position": [-0.05947198989249072, -7.026985036647899, 1.5804420287179262e-07], "rotation": [[0.963156526372785, -1.6702734158976966e-07, 0.2689414540480558], [-0.26894145404805586, 2.2881810467636837e-08, 0.963156526372799], [-1.6702734143674482e-07, -0.9999999999999853, -2.2881811015662594e-08]], "fy": 613.6, "fx": 613.6}, {"id": 38, "img_name": "frame_133", "width": 1080, "height": 1080, "position": [-0.04213992718732548, -6.983660451960838, -3.291499595816958e-07], "rotation": [[0.9486670457459272, -9.050163656185043e-08, 0.3162765187548495], [-0.3162765187548407, 1.0008551606515529e-07, 0.9486670457459291], [-1.1751061880378841e-07, -0.9999999999999909, 6.632428829427974e-08]], "fy": 613.6, "fx": 613.6}, {"id": 39, "img_name": "frame_134", "width": 1080, "height": 1080, "position": [-0.024724633367839612, -6.940126451591841, -1.5535680602817644e-07], "rotation": [[0.9317668725112965, 1.0428392049145675e-08, 0.3630571515485089], [-0.3630571515485054, 1.6957902752106206e-07, 0.9317668725112823], [-5.185004837391371e-08, -0.9999999999999853, 1.6179422243700437e-07]], "fy": 613.6, "fx": 613.6}, {"id": 40, "img_name": "frame_135", "width": 1080, "height": 1080, "position": [-0.006695674528545935, -6.896604843275578, 3.2312500257053507e-07], "rotation": [[0.9306236063399054, -7.212448570872966e-08, 0.365977736102763], [-0.3659777361027452, 1.852619771300517e-07, 0.9306236063398967], [-1.3492250800682112e-07, -0.9999999999999802, 1.460132132677978e-07]], "fy": 613.6, "fx": 613.6}, {"id": 41, "img_name": "frame_136", "width": 1080, "height": 1080, "position": [0.01173837538067004, -6.853012512415648, -6.858664940441936e-08], "rotation": [[0.9395230012031985, -1.306085316208342e-07, 0.34248581023177804], [-0.3424858102317656, 1.0866098562284769e-07, 0.9395230012032056], [-1.599245652929143e-07, -0.9999999999999856, 5.735792655395063e-08]], "fy": 613.6, "fx": 613.6}, {"id": 42, "img_name": "frame_137", "width": 1080, "height": 1080, "position": [0.030257996269831302, -6.809216851570392, 4.484924304156572e-08], "rotation": [[0.947866635043012, -1.1835993774906782e-07, 0.31866729071591765], [-0.3186672907158928, 1.901920245602546e-07, 0.9478666350430087], [-1.727974130904288e-07, -0.9999999999999747, 1.425592336396635e-07]], "fy": 613.6, "fx": 613.6}, {"id": 43, "img_name": "frame_138", "width": 1080, "height": 1080, "position": [0.04703622947267069, -6.764651450860007, -2.2539639608626128e-07], "rotation": [[0.9580919110658578, -1.5460980252186147e-07, 0.28646097456747627], [-0.286460974567462, 1.0780976099852258e-07, 0.9580919110658686], [-1.7901369031023178e-07, -0.9999999999999822, 5.9001985247964e-08]], "fy": 613.6, "fx": 613.6}, {"id": 44, "img_name": "frame_139", "width": 1080, "height": 1080, "position": [0.05696735410099382, -6.717709836384584, 1.6721835550939166e-07], "rotation": [[0.9748896418989221, -2.2991232642551595e-08, 0.22268854060815718], [-0.22268854060815008, 1.7224828063910256e-07, 0.9748896418989087], [-6.07716327654292e-08, -0.9999999999999847, 1.6280318059076135e-07]], "fy": 613.6, "fx": 613.6}, {"id": 45, "img_name": "frame_14", "width": 1080, "height": 1080, "position": [0.0011688600379589052, -10.328313873734654, 9.33551115947543e-07], "rotation": [[0.999993874588871, -1.196731694910513e-07, -0.0035001121015278648], [0.0035001121015379405, 8.408439438222886e-08, 0.9999938745888743], [-1.1937813163762684e-07, -0.9999999999999893, 8.45027488395092e-08]], "fy": 613.6, "fx": 613.6}, {"id": 46, "img_name": "frame_140", "width": 1080, "height": 1080, "position": [0.06694265903898021, -6.670561744906978, -8.774224311929165e-09], "rotation": [[0.9874933304264744, -1.6139367108881754e-07, 0.15766078257830698], [-0.1576607825782928, 9.736128438437476e-08, 0.9874933304264849], [-1.7472523008133897e-07, -0.9999999999999822, 7.069816648218705e-08]], "fy": 613.6, "fx": 613.6}, {"id": 47, "img_name": "frame_141", "width": 1080, "height": 1080, "position": [0.07419616589206535, -6.6228967819745135, -8.365096118426195e-08], "rotation": [[0.9958578378997258, -1.6600335519147635e-07, 0.09092396105348446], [-0.09092396105345514, 1.7632474742966955e-07, 0.9958578378997267], [-1.8134788684870054e-07, -0.9999999999999705, 1.6050069914172689e-07]], "fy": 613.6, "fx": 613.6}, {"id": 48, "img_name": "frame_142", "width": 1080, "height": 1080, "position": [0.07490503177989671, -6.5742891639289125, 1.7610735336499495e-07], "rotation": [[0.9997634639945459, -1.162972888581297e-07, 0.021748932424665114], [-0.021748932424655233, 8.556350387693387e-08, 0.9997634639945496], [-1.1813069522927441e-07, -0.9999999999999898, 8.301392315092521e-08]], "fy": 613.6, "fx": 613.6}, {"id": 49, "img_name": "frame_143", "width": 1080, "height": 1080, "position": [0.07561685767895747, -6.525474180907596, -7.803239305386425e-09], "rotation": [[0.9988557216396675, -1.8573879568276622e-07, -0.047825174831512385], [0.04782517483154303, 1.6419160467844386e-07, 0.9988557216396697], [-1.7767376659645887e-07, -0.9999999999999694, 1.7288671415485485e-07]], "fy": 613.6, "fx": 613.6}, {"id": 50, "img_name": "frame_144", "width": 1080, "height": 1080, "position": [0.07066304089981869, -6.47684959686309, -2.878177040597033e-07], "rotation": [[0.9939305878901263, -6.838462692410404e-08, -0.110009028976641], [0.11000902897664101, -3.772912842086011e-09, 0.9939305878901286], [-6.838462691489624e-08, -0.9999999999999978, 3.772912925278405e-09]], "fy": 613.6, "fx": 613.6}, {"id": 51, "img_name": "frame_145", "width": 1080, "height": 1080, "position": [0.0631313374524928, -6.428200389808109, -3.5637562409961205e-07], "rotation": [[0.9856695242201683, -1.9611537880163254e-07, -0.16868784491939126], [0.16868784491940725, 6.793680241613633e-08, 0.9856695242201827], [-1.8184483934956795e-07, -0.9999999999999785, 1.0004551632007886e-07]], "fy": 613.6, "fx": 613.6}, {"id": 52, "img_name": "frame_146", "width": 1080, "height": 1080, "position": [0.05411017923018177, -6.379670723912698, 3.351944727623679e-07], "rotation": [[0.9750327660715062, -3.3295841968782677e-07, -0.22206103910149713], [0.22206103910155042, 1.3221376322008326e-07, 0.975032766071542], [-2.9528584328605547e-07, -0.9999999999999358, 2.0284984391632197e-07]], "fy": 613.6, "fx": 613.6}, {"id": 53, "img_name": "frame_147", "width": 1080, "height": 1080, "position": [0.04064768349533627, -6.331904009761524, -4.914270640880731e-07], "rotation": [[0.9655493910622791, -1.990833760952044e-07, -0.26021985592806396], [0.26021985592807995, 5.867247554491025e-08, 0.9655493910622934], [-1.769570894489326e-07, -0.9999999999999785, 1.0845662048201041e-07]], "fy": 613.6, "fx": 613.6}, {"id": 54, "img_name": "frame_148", "width": 1080, "height": 1080, "position": [0.02713158016883955, -6.283946950408442, -1.3486157852865932e-07], "rotation": [[0.9545266230868775, -2.233292978634973e-07, -0.2981256879544465], [0.29812568795448013, 1.3647264898656744e-07, 0.9545266230868837], [-1.7248775812821432e-07, -0.999999999999966, 1.9684697734483964e-07]], "fy": 613.6, "fx": 613.6}, {"id": 55, "img_name": "frame_149", "width": 1080, "height": 1080, "position": [0.010817659191823422, -6.2366703417671205, 2.4092858533150337e-07], "rotation": [[0.94931177138689, -2.2448317399796014e-07, -0.3143360633243254], [0.31433606332435915, 1.3456622067538709e-07, 0.9493117713868958], [-1.7080550351417724e-07, -0.9999999999999656, 1.9830845452081002e-07]], "fy": 613.6, "fx": 613.6}, {"id": 56, "img_name": "frame_15", "width": 1080, "height": 1080, "position": [0.001174956768626589, -10.321569228412269, 1.240181161357213e-07], "rotation": [[0.9999923691482799, -6.009208811140567e-08, -0.003906615569356138], [0.003906615569361191, 8.417647950268424e-08, 0.9999923691482782], [-5.976278441230644e-08, -0.9999999999999947, 8.441059385146278e-08]], "fy": 613.6, "fx": 613.6}, {"id": 57, "img_name": "frame_150", "width": 1080, "height": 1080, "position": [-0.005865208080665056, -6.189308236036533, -2.101880138792299e-07], "rotation": [[0.9446294006503215, -2.010425233274226e-07, -0.3281391403459418], [0.3281391403459578, 5.1561183888720186e-08, 0.9446294006503362], [-1.729914357558578e-07, -0.9999999999999785, 1.1467613100971299e-07]], "fy": 613.6, "fx": 613.6}, {"id": 58, "img_name": "frame_151", "width": 1080, "height": 1080, "position": [-0.022685914979562856, -6.141790955104006, -1.7560024871476082e-07], "rotation": [[0.9455546317792555, -2.3566180870608558e-07, -0.32546342086437435], [0.32546342086440994, 1.3150718734275755e-07, 0.9455546317792638], [-1.8003033563950255e-07, -0.9999999999999638, 2.010465285231193e-07]], "fy": 613.6, "fx": 613.6}, {"id": 59, "img_name": "frame_152", "width": 1080, "height": 1080, "position": [-0.03961582590433301, -6.094110651940902, -4.7816143150277964e-08], "rotation": [[0.9499232194947748, -1.619280073658398e-07, -0.31248340286270526], [0.31248340286272835, 1.4478880634382518e-07, 0.9499232194947695], [-1.0857507529076938e-07, -0.9999999999999762, 1.8813806384358352e-07]], "fy": 613.6, "fx": 613.6}, {"id": 60, "img_name": "frame_153", "width": 1080, "height": 1080, "position": [-0.055374893901107135, -6.045858766909982, 3.343404939316075e-07], "rotation": [[0.9579070947191568, -2.1211200728274723e-07, -0.2870783828271633], [0.2870783828271952, 1.3928903546124347e-07, 0.9579070947191607], [-1.6319672558635552e-07, -0.9999999999999678, 1.9431872731247246e-07]], "fy": 613.6, "fx": 613.6}, {"id": 61, "img_name": "frame_154", "width": 1080, "height": 1080, "position": [-0.06936450462034964, -5.996846495407224, -3.121303914941474e-07], "rotation": [[0.970047450236584, -1.4626333955577792e-07, -0.2429155085404822], [0.24291550854049374, 6.689716436492835e-08, 0.9700474502365896], [-1.2563202092103852e-07, -0.9999999999999869, 1.0042305723020367e-07]], "fy": 613.6, "fx": 613.6}, {"id": 62, "img_name": "frame_155", "width": 1080, "height": 1080, "position": [-0.08165516826366201, -5.947281570455469, 1.2197375337027505e-08], "rotation": [[0.9818604518642984, -8.947722493265443e-08, -0.18960499219384425], [0.18960499219385665, 1.6079685488931856e-07, 0.9818604518642868], [-5.736626207628417e-08, -0.9999999999999831, 1.748454011334802e-07]], "fy": 613.6, "fx": 613.6}, {"id": 63, "img_name": "frame_156", "width": 1080, "height": 1080, "position": [-0.0890700057662401, -5.89648360468178, -1.1782493128543411e-07], "rotation": [[0.9937729132565624, -1.940688429012011e-07, -0.11142439983023125], [0.11142439983024724, 7.357945858949881e-08, 0.9937729132565768], [-1.8466181236650504e-07, -0.9999999999999787, 9.47452772643486e-08]], "fy": 613.6, "fx": 613.6}, {"id": 64, "img_name": "frame_157", "width": 1080, "height": 1080, "position": [-0.09477060399883004, -5.84542788435045, 8.785572844102072e-08], "rotation": [[0.9995952037509799, -1.816221537132915e-07, -0.028450459363675667], [0.028450459363690877, 8.171808944047485e-08, 0.9995952037509924], [-1.7922371656637516e-07, -0.99999999999998, 8.685224396817941e-08]], "fy": 613.6, "fx": 613.6}, {"id": 65, "img_name": "frame_158", "width": 1080, "height": 1080, "position": [-0.09201848655430345, -5.793806965834125, -3.463268648788709e-07], "rotation": [[0.9972898455167705, -1.6489958501204892e-07, 0.07357284845042089], [-0.07357284845039201, 1.747760268532851e-07, 0.9972898455167709], [-1.7731145180137323e-07, -0.9999999999999709, 1.6217022464283066e-07]], "fy": 613.6, "fx": 613.6}, {"id": 66, "img_name": "frame_159", "width": 1080, "height": 1080, "position": [-0.08867132501550536, -5.742110907605251, 1.0154335433540333e-07], "rotation": [[0.9845562706629811, -2.7169334823441472e-08, 0.17506841490743502], [-0.17506841490742792, 1.7163884766941553e-07, 0.9845562706629679], [-5.6798279968345916e-08, -0.9999999999999849, 1.6423161138062643e-07]], "fy": 613.6, "fx": 613.6}, {"id": 67, "img_name": "frame_16", "width": 1080, "height": 1080, "position": [0.0011814562313477092, -10.31437158294913, 4.6413320383155145e-07], "rotation": [[0.9999905806570982, -1.1936091368097815e-07, -0.004340345270275063], [0.004340345270275063, -2.590350442505664e-10, 0.9999905806571052], [-1.193609136812881e-07, -0.9999999999999929, 2.590349728421263e-10]], "fy": 613.6, "fx": 613.6}, {"id": 68, "img_name": "frame_160", "width": 1080, "height": 1080, "position": [-0.07384306348466106, -5.692222476602144, -2.264338229496319e-07], "rotation": [[0.9619860510707355, -8.111852725834744e-08, 0.27309858576222185], [-0.273098585762204, 1.8150405702986948e-07, 0.961986051070727], [-1.2760339304457374e-07, -0.9999999999999805, 1.524510159948779e-07]], "fy": 613.6, "fx": 613.6}, {"id": 69, "img_name": "frame_161", "width": 1080, "height": 1080, "position": [-0.058966016310538154, -5.642169555531352, -2.7278962248386604e-07], "rotation": [[0.9295581886109792, -1.132537031274574e-07, 0.36867543176385165], [-0.3686754317638267, 1.9327616775778158e-07, 0.929558188610976], [-1.7653208176845369e-07, -0.9999999999999749, 1.3790758649565213e-07]], "fy": 613.6, "fx": 613.6}, {"id": 70, "img_name": "frame_162", "width": 1080, "height": 1080, "position": [-0.035817785160206214, -5.595457721989904, 1.9477435771068755e-07], "rotation": [[0.9080622979629898, -1.260106996063424e-07, 0.4188351262945343], [-0.41883512629452185, 1.13960972430587e-07, 0.9080622979629971], [-1.6215642377754375e-07, -0.9999999999999856, 5.070595520538098e-08]], "fy": 613.6, "fx": 613.6}, {"id": 71, "img_name": "frame_163", "width": 1080, "height": 1080, "position": [-0.00984339420583261, -5.549767210040197, 7.19228273663014e-08], "rotation": [[0.8909841744471388, -8.439732932000297e-08, 0.4540343609075678], [-0.45403436090753047, 2.8033249801154774e-07, 0.8909841744471176], [-2.024772713387344e-07, -0.9999999999999571, 2.11452531839798e-07]], "fy": 613.6, "fx": 613.6}, {"id": 72, "img_name": "frame_164", "width": 1080, "height": 1080, "position": [0.01614411789336658, -5.503894703833195, -2.871734935603461e-07], "rotation": [[0.8762166601775546, 1.119484769537145e-09, 0.4819173834043465], [-0.4819173834043393, 1.73772297512582e-07, 0.8762166601775411], [-8.276297959605903e-08, -0.9999999999999847, 1.528016813618274e-07]], "fy": 613.6, "fx": 613.6}, {"id": 73, "img_name": "frame_165", "width": 1080, "height": 1080, "position": [0.04140781277345456, -5.457428794448265, 3.0569421210248915e-07], "rotation": [[0.9031487159848758, -1.6846941153382876e-07, 0.4293278430463621], [-0.42932784304632665, 2.1082858403184398e-07, 0.9031487159848836], [-2.426675138573219e-07, -0.9999999999999634, 1.1808095590255849e-07]], "fy": 613.6, "fx": 613.6}, {"id": 74, "img_name": "frame_166", "width": 1080, "height": 1080, "position": [0.06674876770496838, -5.410821207672965, 1.7213323180150322e-07], "rotation": [[0.9269955011982012, -7.121660814844386e-08, 0.3750724473462306], [-0.3750724473462128, 1.8561286510887398e-07, 0.9269955011981925], [-1.3563574703980435e-07, -0.9999999999999805, 1.4535090338891497e-07]], "fy": 613.6, "fx": 613.6}, {"id": 75, "img_name": "frame_167", "width": 1080, "height": 1080, "position": [0.08467600481223245, -5.36128014736809, -2.5987597084321916e-08], "rotation": [[0.9599675466335188, -1.3260936905438953e-07, 0.28011124470539434], [-0.28011124470536775, 1.8925243061455245e-07, 0.9599675466335168], [-1.8031242456146922e-07, -0.9999999999999734, 1.4453081608755267e-07]], "fy": 613.6, "fx": 613.6}, {"id": 76, "img_name": "frame_168", "width": 1080, "height": 1080, "position": [0.0960876266414599, -5.309143230932115, 1.0881349258508189e-08], "rotation": [[0.9892156472163507, -1.6719657869666757e-07, 0.14646638966776193], [-0.1464663896677473, 9.683260477761195e-08, 0.9892156472163621], [-1.7957619384201682e-07, -0.9999999999999813, 7.12996485593983e-08]], "fy": 613.6, "fx": 613.6}, {"id": 77, "img_name": "frame_169", "width": 1080, "height": 1080, "position": [0.10077734877299892, -5.2563828484648525, 9.6894395409975e-08], "rotation": [[0.9999477066594499, -1.7760117848511352e-07, 0.010226629282184966], [-0.010226629282154877, 1.6949775403664988e-07, 0.9999477066594515], [-1.793252818208956e-07, -0.99999999999997, 1.676726290204332e-07]], "fy": 613.6, "fx": 613.6}, {"id": 78, "img_name": "frame_17", "width": 1080, "height": 1080, "position": [0.0011883664669996392, -10.306727956461577, 3.753210681133695e-08], "rotation": [[0.9999884748997283, -5.9522678363327695e-08, -0.004801048605437731], [0.004801048605427628, -1.6873076668956555e-07, 0.9999884748997158], [-6.033207697113995e-08, -0.9999999999999838, -1.6844305077861152e-07]], "fy": 613.6, "fx": 613.6}, {"id": 79, "img_name": "frame_170", "width": 1080, "height": 1080, "position": [0.09665568505613639, -5.20285804032137, 1.825975626356168e-08], "rotation": [[0.9920454809918425, -6.835229471848774e-08, -0.1258799572754105], [0.1258799572754105, -4.31927100836242e-09, 0.9920454809918446], [-6.835229476325297e-08, -0.9999999999999976, 4.3192706555728795e-09]], "fy": 613.6, "fx": 613.6}, {"id": 80, "img_name": "frame_171", "width": 1080, "height": 1080, "position": [0.08622663738001493, -5.150406095085801, 4.560950385149106e-08], "rotation": [[0.9707868603511598, -8.340387296757584e-08, -0.23994347619706372], [0.23994347619706993, 7.476171645108926e-08, 0.9707868603511591], [-6.302879785443177e-08, -0.9999999999999936, 9.258990719804382e-08]], "fy": 613.6, "fx": 613.6}, {"id": 81, "img_name": "frame_172", "width": 1080, "height": 1080, "position": [0.06987639561420046, -5.098952211750374, -3.7405730597602494e-08], "rotation": [[0.9429800631562051, -2.1155598354445704e-07, -0.3328492158468677], [0.33284921584688454, 4.928025950728903e-08, 0.9429800631562214], [-1.8309017903956617e-07, -0.9999999999999762, 1.1688654545709581e-07]], "fy": 613.6, "fx": 613.6}, {"id": 82, "img_name": "frame_173", "width": 1080, "height": 1080, "position": [0.04920852834150662, -5.0490481603623545, -9.237964079818414e-08], "rotation": [[0.9184549364529544, -2.234142092394802e-07, -0.39552563722867534], [0.39552563722869316, 4.000548088697668e-08, 0.9184549364529728], [-1.8937269000533046e-07, -0.9999999999999742, 1.251092788777578e-07]], "fy": 613.6, "fx": 613.6}, {"id": 83, "img_name": "frame_174", "width": 1080, "height": 1080, "position": [0.025772227092901584, -5.0000826044245485, 3.184346449522449e-07], "rotation": [[0.8982115509856561, -2.2431809300220128e-07, -0.4395634307763693], [0.439563430776387, 3.4579542159434274e-08, 0.8982115509856744], [-1.8628520008758272e-07, -0.999999999999974, 1.2966177474774257e-07]], "fy": 613.6, "fx": 613.6}, {"id": 84, "img_name": "frame_175", "width": 1080, "height": 1080, "position": [0.0006570223366659558, -4.9518091270114075, -1.761774248036999e-08], "rotation": [[0.8892624680553164, -2.4448669491873795e-07, -0.45739727033303085], [0.45739727033306626, 1.1426673250885113e-07, 0.8892624680553243], [-1.6514755021482757e-07, -0.9999999999999636, 2.134406634658817e-07]], "fy": 613.6, "fx": 613.6}, {"id": 85, "img_name": "frame_176", "width": 1080, "height": 1080, "position": [-0.02536191743124957, -4.903835097873685, 1.899512480891747e-07], "rotation": [[0.8868944574798749, -2.2473446553313532e-07, -0.4619721001223211], [0.4619721001223389, 3.1761145220397495e-08, 0.8868944574798936], [-1.846429889327856e-07, -0.9999999999999742, 1.3198983666741174e-07]], "fy": 613.6, "fx": 613.6}, {"id": 86, "img_name": "frame_177", "width": 1080, "height": 1080, "position": [-0.05047392230751191, -4.8552270975701575, -1.812892396781716e-07], "rotation": [[0.8967677885048119, -2.4352521574958193e-07, -0.44250145028025556], [0.44250145028029114, 1.1630174956296461e-07, 0.8967677885048199], [-1.669218763674593e-07, -0.9999999999999636, 2.120559239203453e-07]], "fy": 613.6, "fx": 613.6}, {"id": 87, "img_name": "frame_178", "width": 1080, "height": 1080, "position": [-0.07516526268214868, -4.806242495285473, 1.8627545881516372e-07], "rotation": [[0.9118192176180848, -2.2373594864738652e-07, -0.4105919073511963], [0.4105919073512141, 3.816510983863627e-08, 0.9118192176181034], [-1.8833645241528614e-07, -0.999999999999974, 1.2666385049329607e-07]], "fy": 613.6, "fx": 613.6}, {"id": 88, "img_name": "frame_179", "width": 1080, "height": 1080, "position": [-0.09615001035687341, -4.755487878793248, 1.4754172490720187e-07], "rotation": [[0.9359339195912025, -2.1677178590152492e-07, -0.3521756637795996], [0.35217566377963155, 1.3192016632031636e-07, 0.9359339195912064], [-1.5642499507866195e-07, -0.9999999999999678, 1.99810305917546e-07]], "fy": 613.6, "fx": 613.6}, {"id": 89, "img_name": "frame_18", "width": 1080, "height": 1080, "position": [0.0011956799640521815, -10.29863586291159, 3.8907107128036176e-07], "rotation": [[0.9999860143711727, -1.7906521314966053e-07, -0.005288767533624647], [0.005288767533609535, -8.476751384887941e-08, 0.9999860143711851], [-1.7951102448542059e-07, -0.9999999999999805, -8.381929403618889e-08]], "fy": 613.6, "fx": 613.6}, {"id": 90, "img_name": "frame_180", "width": 1080, "height": 1080, "position": [-0.11539161461407467, -4.703824400563072, 3.89673324765708e-08], "rotation": [[0.9601439807881231, -1.996609826953591e-07, -0.2795058785719832], [0.2795058785719992, 5.667579443729763e-08, 0.9601439807881376], [-1.7586207306714135e-07, -0.9999999999999782, 1.102233412767572e-07]], "fy": 613.6, "fx": 613.6}, {"id": 91, "img_name": "frame_181", "width": 1080, "height": 1080, "position": [-0.127459734517061, -4.650107406425104, -1.37144427278798e-07], "rotation": [[0.9835868054066275, -2.0701055368989054e-07, -0.1804355736265506], [0.18043557362656748, 6.58111525498554e-08, 0.9835868054066438], [-1.9173817615100392e-07, -0.9999999999999762, 1.020830492994058e-07]], "fy": 613.6, "fx": 613.6}, {"id": 92, "img_name": "frame_182", "width": 1080, "height": 1080, "position": [-0.13656466258496722, -4.595464039065956, -3.470057820831154e-07], "rotation": [[0.9976234048010325, -1.8428286614638307e-07, -0.06890241064840233], [0.06890241064840232, -6.356320175648413e-09, 0.9976234048010495], [-1.8428286616241457e-07, -0.9999999999999829, 6.3563199435315884e-09]], "fy": 613.6, "fx": 613.6}, {"id": 93, "img_name": "frame_183", "width": 1080, "height": 1080, "position": [-0.13548535422506702, -4.5403029967691895, -3.1768342155212836e-07], "rotation": [[0.9986809814267913, 6.9627871880958685e-09, 0.051344886175945424], [-0.05134488617594588, 1.6846413840292446e-07, 0.998680981426777], [-1.6961688626181667e-09, -0.9999999999999856, 1.685994345912483e-07]], "fy": 613.6, "fx": 613.6}, {"id": 94, "img_name": "frame_184", "width": 1080, "height": 1080, "position": [-0.13053492206819245, -4.484867806851786, -1.8253285480581142e-08], "rotation": [[0.9847538921736402, -1.5533566064056543e-07, 0.17395336113120233], [-0.1739533611311886, 9.823119597311716e-08, 0.9847538921736496], [-1.7005504307437354e-07, -0.9999999999999829, 6.971239229968156e-08]], "fy": 613.6, "fx": 613.6}, {"id": 95, "img_name": "frame_185", "width": 1080, "height": 1080, "position": [-0.11667072497989614, -4.43131984089028, 1.9700100720272614e-07], "rotation": [[0.9597346694733973, -1.4296090987153506e-07, 0.28090810634577396], [-0.28090810634574553, 1.908025148104976e-07, 0.9597346694733973], [-1.9080251475040086e-07, -0.9999999999999716, 1.429609100120352e-07]], "fy": 613.6, "fx": 613.6}, {"id": 96, "img_name": "frame_186", "width": 1080, "height": 1080, "position": [-0.09718936799465967, -4.37891609844952, 5.697115548290498e-08], "rotation": [[0.9263534487515932, -7.105804923496006e-08, 0.37665539686300026], [-0.3766553968629826, 1.856736218694041e-07, 0.9263534487515848], [-1.3575984074652245e-07, -0.9999999999999802, 1.4523500221987633e-07]], "fy": 613.6, "fx": 613.6}, {"id": 97, "img_name": "frame_187", "width": 1080, "height": 1080, "position": [-0.07567617741840693, -4.327409540593469, -1.7172238527632806e-07], "rotation": [[0.8892063622591962, 1.919821213957248e-08, 0.4575063336367776], [-0.4575063336367742, 1.688112147889049e-07, 0.8892063622591825], [-6.016102769646462e-08, -0.9999999999999858, 1.5889130983175065e-07]], "fy": 613.6, "fx": 613.6}, {"id": 98, "img_name": "frame_188", "width": 1080, "height": 1080, "position": [-0.04470628637947263, -4.280571800574441, -2.998887183718692e-07], "rotation": [[0.8754102388641763, -1.2180659186296802e-07, 0.4833807129910658], [-0.48338071299105334, 1.1844387193619393e-07, 0.8754102388641837], [-1.6388422092604962e-07, -0.9999999999999856, 4.480802101563152e-08]], "fy": 613.6, "fx": 613.6}, {"id": 99, "img_name": "frame_189", "width": 1080, "height": 1080, "position": [-0.013670488786415278, -4.233634596447793, 1.3961972695584194e-07], "rotation": [[0.8608301209212988, -1.2005326549563022e-07, 0.508892427645183], [-0.5088924276451706, 1.2022068476659477e-07, 0.860830120921306], [-1.6452486322618252e-07, -0.9999999999999856, 4.2395388853418366e-08]], "fy": 613.6, "fx": 613.6}, {"id": 100, "img_name": "frame_19", "width": 1080, "height": 1080, "position": [0.0012033828925777856, -10.290098537356066, 4.561755439866589e-07], "rotation": [[0.999983161501587, -5.992729928054702e-08, -0.005803164075543873], [0.005803164075543873, -1.7388565540961603e-10, 0.9999831615015886], [-5.9927299283057e-08, -0.999999999999998, 1.7388522289646516e-10]], "fy": 613.6, "fx": 613.6}, {"id": 101, "img_name": "frame_190", "width": 1080, "height": 1080, "position": [0.01701287520757036, -4.186339725454136, 2.0857557638804755e-07], "rotation": [[0.854409925344341, -9.655757571384748e-08, 0.5195995375989747], [-0.51959953759895, 2.02135394673275e-07, 0.8544099253443375], [-1.8752920859852362e-07, 