[{"id": 0, "img_name": "0206", "width": 189, "height": 141, "position": [-1.265141778474812, -0.194110581586083, -8.620660533718796], "rotation": [[0.9940475278742634, 0.044830927849657184, 0.09929602325976726], [-0.04123211644067312, 0.9984265438664321, -0.038004592837634125], [-0.10084356648238983, 0.033684186364975624, 0.9943319117317122]], "fy": 160.4441936369662, "fx": 160.4441936369662}, {"id": 1, "img_name": "0214", "width": 189, "height": 141, "position": [-0.613114197547572, -0.2761730783625507, -4.1567434627831465], "rotation": [[0.9983727090028254, 0.0327518981493972, 0.04668240660003586], [-0.031173560335831595, 0.9989305419257091, -0.034146471911422976], [-0.047750843493574294, 0.0326356488463282, 0.998325984521104]], "fy": 160.4441936369662, "fx": 160.4441936369662}, {"id": 2, "img_name": "0222", "width": 189, "height": 141, "position": [-0.11446972179179767, -0.17209564274125716, -0.8979863719411233], "rotation": [[0.9996098330041155, 0.011854778824068966, 0.025291223389088072], [-0.011208282933127714, 0.9996106469646674, -0.025552472846480496], [-0.02558429508849731, 0.025259031927442725, 0.9993535035966568]], "fy": 160.4441936369662, "fx": 160.4441936369662}, {"id": 3, "img_name": "0230", "width": 189, "height": 141, "position": [0.16880046410827368, 0.018579268335077854, 0.802713015248746], "rotation": [[0.9999076062687658, 0.001100939251883084, 0.013548684756477889], [-0.0005386763365221213, 0.9991411256924857, -0.041433329310555024], [-0.013582663717814126, 0.04142220277479326, 0.9990494043657765]], "fy": 160.4441936369662, "fx": 160.4441936369662}, {"id": 4, "img_name": "0238", "width": 189, "height": 141, "position": [0.25102157150129073, 0.10400286869655559, 1.9404407532547998], "rotation": [[0.9999983782187897, -0.0017502324671405459, 0.0004245540028193634], [0.0017684973422818556, 0.9988593293134614, -0.04771700598961173], [-0.0003405538733957364, 0.04771767942569366, 0.9988608046636357]], "fy": 160.4441936369662, "fx": 160.4441936369662}, {"id": 5, "img_name": "0246", "width": 189, "height": 141, "position": [0.4234072870935238, 0.34880123637993615, 3.0839199312346963], "rotation": [[0.9917204067056375, -0.011094919020945908, -0.12793567796171465], [-0.00824799815305127, 0.9887002731748915, -0.14967879058290826], [0.1281507138102327, 0.1494947243076273, 0.9804227261513854]], "fy": 160.4441936369662, "fx": 160.4441936369662}, {"id": 6, "img_name": "0254", "width": 189, "height": 141, "position": [0.46057435163487453, 0.3135961809474246, 4.180000000160884], "rotation": [[0.9779195163270685, -0.046820030990946906, -0.2036695958768491], [0.014128118286036525, 0.9871621937176007, -0.15909493885208786], [0.20850375502692514, 0.15270457751050096, 0.9660266539526801]], "fy": 160.4441936369662, "fx": 160.4441936369662}, {"id": 7, "img_name": "0207", "width": 189, "height": 141, "position": [-1.1911707115375438, -0.2014444396831905, -8.061790246088599], "rotation": [[0.9944156469657977, 0.04177294646224674, 0.0969151278875312], [-0.038561876607107595, 0.9986509890043385, -0.03477332070991789], [-0.09823697237869494, 0.030841905007941126, 0.9946850125307753]], "fy": 160.4441936369662, "fx": 160.4441936369662}, {"id": 8, "img_name": "0208", "width": 189, "height": 141, "position": [-1.081067760561459, -0.1744545164407011, -7.512691399136922], "rotation": [[0.9953893901122074, 0.03817458312960873, 0.08799240452975639], [-0.03484699487773619, 0.9986295270064535, -0.03904810800612598], [-0.08936245856084495, 0.035801801543325226, 0.9953555053377731]], "fy": 160.4441936369662, "fx": 160.4441936369662}, {"id": 9, "img_name": "0209", "width": 189, "height": 141, "position": [-0.9868449865078045, -0.14845190621201723, -6.960590437331203], "rotation": [[0.9961459574034088, 0.03499600640945296, 0.08042705442968552], [-0.03132014941419591, 0.9984262169362575, -0.04652029207803683], [-0.08192850413328995, 0.0438220135290808, 0.995674319916276]], "fy": 160.4441936369662, "fx": 160.4441936369662}, {"id": 10, "img_name": "0210", "width": 189, "height": 141, "position": [-0.8734223368140991, -0.16177935779765434, -6.391361049924], "rotation": [[0.9970985713957894, 0.03694029979283741, 0.06655714215387543], [-0.03382706198031953, 0.9983072879986795, -0.047310554916440414], [-0.06819214616255677, 0.04492185414625268, 0.9966603524881518]], "fy": 160.4441936369662, "fx": 160.4441936369662}, {"id": 11, "img_name": "0211", "width": 189, "height": 141, "position": [-0.8041823255212238, -0.19496920017125088, -5.823707662866908], "rotation": [[0.9975520358580752, 0.03624122892287436, 0.059803921958091], [-0.03369231809368353, 0.9985027916297391, -0.04309295544624323], [-0.06127612468885145, 0.04097253267467943, 0.9972795436131932]], "fy": 160.4441936369662, "fx": 160.4441936369662}, {"id": 12, "img_name": "0212", "width": 189, "height": 141, "position": [-0.7434803335093145, -0.22460175884648154, -5.26250649828564], "rotation": [[0.9980424063923135, 0.029212790239690763, 0.05529889627336264], [-0.02705185840930647, 0.9988560566837003, -0.039430635081003786], [-0.05638751634221113, 0.03785750800964426, 0.9976909627174423]], "fy": 160.4441936369662, "fx": 160.4441936369662}, {"id": 13, "img_name": "0213", "width": 189, "height": 141, "position": [-0.6801567791162244, -0.24841383389518662, -4.698783820896515], "rotation": [[0.9981203229429705, 0.03318776749685069, 0.051520801787193475], [-0.03125168249980867, 0.9987912052010743, -0.037940226065701924], [-0.0527176751114031, 0.03625879895363877, 0.9979509738605841]], "fy": 160.4441936369662, "fx": 160.4441936369662}, {"id": 14, "img_name": "0215", "width": 189, "height": 141, "position": [-0.5464120538451809, -0.30966843962667717, -3.626400133660459], "rotation": [[0.9987962260093037, 0.021242821395681143, 0.04421358895999167], [-0.01999336480612155, 0.9993934676270745, -0.028512492491204217], [-0.04479245777250056, 0.027594191480868356, 0.9986151392419482]], "fy": 160.4441936369662, "fx": 160.4441936369662}, {"id": 15, "img_name": "0216", "width": 189, "height": 141, "position": [-0.4722338581254968, -0.3293480383146867, -3.123869046640627], "rotation": [[0.9991088328938671, 0.019227874114575435, 0.03757431157704592], [-0.01833590480034848, 0.9995452091497725, -0.023940957810631484], [-0.03801755684690226, 0.02323066341652599, 0.9990070078075632]], "fy": 160.4441936369662, "fx": 160.4441936369662}, {"id": 16, "img_name": "0217", "width": 189, "height": 141, "position": [-0.40988578157174016, -0.32842664205938127, -2.670231676209809], "rotation": [[0.9992395957850794, 0.015239817347928408, 0.03588841292775246], [-0.014530839778588087, 0.9996957045094206, -0.019933717183265445], [-0.03618127845447273, 0.01939707072253927, 0.9991569790262113]], "fy": 160.4441936369662, "fx": 160.4441936369662}, {"id": 17, "img_name": "0218", "width": 189, "height": 141, "position": [-0.3262753334623515, -0.309189809607466, -2.2502336374561422], "rotation": [[0.9995559445894496, 0.012686109447135486, 0.02696249734331989], [-0.01215473764391671, 0.9997304476025886, -0.019781165009561653], [-0.02720617556182394, 0.019444658994779318, 0.9994407082202906]], "fy": 160.4441936369662, "fx": 160.4441936369662}, {"id": 18, "img_name": "0219", "width": 189, "height": 141, "position": [-0.2679380192666994, -0.2781276619432336, -1.8781303499076876], "rotation": [[0.999605024411336, 0.011475167207863003, 0.025653765984037232], [-0.01095524026380734, 0.9997335742102946, -0.020316577159344488], [-0.025880067279170946, 0.020027509437294724, 0.9994644170671434]], "fy": 160.4441936369662, "fx": 160.4441936369662}, {"id": 19, "img_name": "0220", "width": 189, "height": 141, "position": [-0.2097065859120834, -0.24061582178475593, -1.522548822600848], "rotation": [[0.9996457164556554, 0.010842028544775692, 0.02430826996916654], [-0.01032481141933725, 0.9997197531373071, -0.02130289783660926], [-0.02453242427920115, 0.021044372267096913, 0.9994775107799422]], "fy": 160.4441936369662, "fx": 160.4441936369662}, {"id": 20, "img_name": "0221", "width": 189, "height": 141, "position": [-0.15907713333798137, -0.19917285601597512, -1.1995217745916993], "rotation": [[0.999669857770924, 0.007500753410500465, 0.024574665054389322], [-0.006873635658372711, 0.9996510704813377, -0.02550471364966936], [-0.024757394796232207, 0.02532737617264269, 0.9993726008947379]], "fy": 160.4441936369662, "fx": 160.4441936369662}, {"id": 21, "img_name": "0223", "width": 189, "height": 141, "position": [-0.06399668331871844, -0.12682553873927033, -0.616732602870479], "rotation": [[0.9997353052116936, 0.007737747540748327, 0.021666720478138647], [-0.007037302923538868, 0.9994560311965408, -0.03221983973302344], [-0.021904243443782775, 0.032058836034001725, 0.9992459332673315]], "fy": 160.4441936369662, "fx": 160.4441936369662}, {"id": 22, "img_name": "0224", "width": 189, "height": 141, "position": [-0.00900038789278891, -0.10827488021975706, -0.36626649455871374], "rotation": [[0.9998496159404449, 0.006224071537096966, 0.016186612902212218], [-0.005724489362765277, 0.99951135383339, -0.03072920076538404], [-0.016369964119708723, 0.030631919490048138, 0.9993966728897364]], "fy": 160.4441936369662, "fx": 160.4441936369662}, {"id": 23, "img_name": "0225", "width": 189, "height": 141, "position": [0.028764589045630475, -0.08569846111236697, -0.13833981916904206], "rotation": [[0.999872414275921, 0.0027898296488810975, 0.015728064743357393], [-0.0022982440886240374, 0.999510918657353, -0.03118720184375834], [-0.015807379420704825, 0.031147075870207184, 0.9993898070425701]], "fy": 160.4441936369662, "fx": 160.4441936369662}, {"id": 24, "img_name": "0226", "width": 189, "height": 141, "position": [0.060483701335982555, -0.05396418663971955, 0.0836826866960563], "rotation": [[0.9998874550470852, 0.00018343539553441424, 0.015001452960255327], [0.00035932822115902036, 0.9993455854645769, -0.03617003864653115], [-0.014998270656731294, 0.036171358336641764, 0.9992330482492008]], "fy": 160.4441936369662, "fx": 160.4441936369662}, {"id": 25, "img_name": "0227", "width": 189, "height": 141, "position": [0.09206543657752402, -0.03417798887932918, 0.278431123450578], "rotation": [[0.9998942611775902, -0.0004224739299109501, 0.014535748343285845], [0.0009686751420724067, 0.999292779839757, -0.03758991658144873], [-0.014509587609230065, 0.037600022286026484, 0.9991875250379681]], "fy": 160.4441936369662, "fx": 160.4441936369662}, {"id": 26, "img_name": "0228", "width": 189, "height": 141, "position": [0.11924549832577035, -0.010923143216791465, 0.46661081211415406], "rotation": [[0.9998960624770239, 0.00390859400207965, 0.013877576729039024], [-0.0033435643596740703, 0.9991736362642866, -0.04050759400132082], [-0.014024436541842806, 0.040456983171388745, 0.9990828532671121]], "fy": 160.4441936369662, "fx": 160.4441936369662}, {"id": 27, "img_name": "0229", "width": 189, "height": 141, "position": [0.1440634513073106, -0.0001700081360164732, 0.6366610775643547], "rotation": [[0.9998949462469496, 0.00430413343282368, 0.013840914175096065], [-0.003756171233674766, 0.9992174368277639, -0.03937518402518449], [-0.013999558831378937, 0.039319058670653335, 0.9991286323480979]], "fy": 160.4441936369662, "fx": 160.4441936369662}, {"id": 28, "img_name": "0231", "width": 189, "height": 141, "position": [0.2035137657430667, 0.030605011629665776, 0.9606528908580306], "rotation": [[0.9999581008311247, 0.0014789682435436939, 0.00903378299189171], [-0.0010993618660451883, 0.9991219549012549, -0.041882104027641025], [-0.009087793224842228, 0.04187041780576412, 0.9990817184430275]], "fy": 160.4441936369662, "fx": 160.4441936369662}, {"id": 29, "img_name": "0232", "width": 189, "height": 141, "position": [0.22855654528009395, 0.04313289899662765, 1.1074345444159495], "rotation": [[0.9999757185165253, -0.00016058923401378566, 0.0069668205414422125], [0.0004557384936902115, 0.9991012857388956, -0.04238411420934687], [-0.006953752928031832, 0.04238626010847747, 0.9990770992642322]], "fy": 160.4441936369662, "fx": 160.4441936369662}, {"id": 30, "img_name": "0233", "width": 189, "height": 141, "position": [0.24632495117856892, 0.05265827974854887, 1.2496608562711866], "rotation": [[0.9999832803873631, -0.0005493847368554957, 0.0057564852244556515], [0.0007895286199641104, 0.9991257595525916, -0.04179824449680992], [-0.005728489354683622, 0.04180209055618813, 0.9991094883118895]], "fy": 160.4441936369662, "fx": 160.4441936369662}, {"id": 31, "img_name": "0234", "width": 189, "height": 141, "position": [0.2538317048635936, 0.05621502274759102, 1.383863415222706], "rotation": [[0.9999778104902052, -0.0011344597228163489, 0.006564413785903919], [0.0013913753663602232, 0.9992278094646059, -0.03926638342342172], [-0.006514798677253499, 0.03927464568525844, 0.999207215548653]], "fy": 160.4441936369662, "fx": 160.4441936369662}, {"id": 32, "img_name": "0235", "width": 189, "height": 141, "position": [0.26640854809203396, 0.06640089439937207, 1.5232900354347547], "rotation": [[0.9999946526713873, -0.002076873266382135, 0.0025261088786302428], [0.0021769844407353374, 0.9991854273331504, -0.040295688898617045], [-0.0024403621403602353, 0.04030097272405121, 0.9991846056811118]], "fy": 160.4441936369662, "fx": 160.4441936369662}, {"id": 33, "img_name": "0236", "width": 189, "height": 141, "position": [0.26450762626614116, 0.08285703934193844, 1.6597737194907067], "rotation": [[0.9999909205120742, -0.003388404052600688, 0.002584107465064056], [0.003499590558390343, 0.9990116692303772, -0.044310694053002676], [-0.0024314109768415783, 0.04431933505267764, 0.9990144567428193]], "fy": 160.4441936369662, "fx": 160.4441936369662}, {"id": 34, "img_name": "0237", "width": 189, "height": 141, "position": [0.257096833763634, 0.09778341598263425, 1.8015283644776912], "rotation": [[0.9999972418595603, 0.00024819129185772373, 0.002335524428140765], [-0.0001357016625911704, 0.9988453040915948, -0.048042065726072614], [-0.0023447512299956774, 0.048041616284760405, 0.9988425828159396]], "fy": 160.4441936369662, "fx": 160.4441936369662}, {"id": 35, "img_name": "0239", "width": 189, "height": 141, "position": [0.248568857818786, 0.1176998595087928, 2.085360956223505], "rotation": [[0.999986072649418, -0.0021949927523673613, -0.004799636862317975], [0.0019394306601909575, 0.9986128625609179, -0.052617386257811455], [0.004908473887816665, 0.05260734487413776, 0.998603211565728]], "fy": 160.4441936369662, "fx": 160.4441936369662}, {"id": 36, "img_name": "0240", "width": 189, "height": 141, "position": [0.24315176833603094, 0.12221954937980022, 2.2233641398133694], "rotation": [[0.9999662264884795, -0.0016802332940316265, -0.008045041856227578], [0.0012539139717505782, 0.9986092663122373, -0.05270636522362847], [0.008122412335154794, 0.05269449735420854, 0.9985776466386804]], "fy": 160.4441936369662, "fx": 160.4441936369662}, {"id": 37, "img_name": "0241", "width": 189, "height": 141, "position": [0.24565771609171738, 0.1368517799600994, 2.36719544165608], "rotation": [[0.9998771492613616, -0.0028322840645603324, -0.015416372853255998], [0.0019336317802777908, 0.9983148335256443, -0.05799788126133142], [0.015554660173442255, 0.057960946590293334, 0.99819766640543]], "fy": 160.4441936369662, "fx": 160.4441936369662}, {"id": 38, "img_name": "0242", "width": 189, "height": 141, "position": [0.2451024437759175, 0.14159410586797402, 2.502441328920625], "rotation": [[0.9997548103601769, -0.002508311438772454, -0.022000625795936948], [0.0011848500010262655, 0.9981998613783101, -0.05996359624636947], [0.022111428994115036, 0.059922826352306426, 0.9979580850866382]], "fy": 160.4441936369662, "fx": 160.4441936369662}, {"id": 39, "img_name": "0243", "width": 189, "height": 141, "position": [0.24498548318674604, 0.1605240084982128, 2.64513259460861], "rotation": [[0.9995886170460274, -0.0015831235150282543, -0.028637220394905828], [-0.00035983697230042793, 0.9977046184919145, -0.06771532143655992], [0.028678688766462308, 0.06769776923828014, 0.9972936101523948]], "fy": 160.4441936369662, "fx": 160.4441936369662}, {"id": 40, "img_name": "0244", "width": 189, "height": 141, "position": [0.3519139495085652, 0.28598170486502617, 2.7817440830751203], "rotation": [[0.9968518767475452, -0.005064882360050698, -0.079124476564309], [-0.004282283824411208, 0.9930615311785953, -0.11751790220417967], [0.07917068820052169, 0.11748677482977729, 0.9899135618173703]], "fy": 160.4441936369662, "fx": 160.4441936369662}, {"id": 41, "img_name": "0245", "width": 189, "height": 141, "position": [0.4107207017775657, 0.33215815238599217, 2.9324981829704044], "rotation": [[0.9935952164508317, -0.0044984321008084294, -0.11290841401179753], [-0.011255020521988584, 0.9902985887542245, -0.13849920441807936], [0.11243607232145153, 0.1388829335088575, 0.9839053106985954]], "fy": 160.4441936369662, "fx": 160.4441936369662}, {"id": 42, "img_name": "0247", "width": 189, "height": 141, "position": [0.43284679449325253, 0.36680262047051115, 3.234891355340175], "rotation": [[0.9898214152383661, -0.014066887863359547, -0.14161810831019378], [-0.009424946766096017, 0.986439050352989, -0.16385716437540832], [0.14200259263117126, 0.163524073470951, 0.9762659171975088]], "fy": 160.4441936369662, "fx": 160.4441936369662}, {"id": 43, "img_name": "0248", "width": 189, "height": 141, "position": [0.42932143449627863, 0.35401841935330625, 3.3681571761182187], "rotation": [[0.9891239359661416, -0.020661162587864212, -0.1456260816590422], [-0.0031013508828955923, 0.9869349174956445, -0.16108957213477984], [0.147051762728467, 0.159789189209981, 0.9761368726208776]], "fy": 160.4441936369662, "fx": 160.4441936369662}, {"id": 44, "img_name": "0249", "width": 189, "height": 141, "position": [0.4329904136591612, 0.3459727250240243, 3.5039149617235426], "rotation": [[0.9879029406539782, -0.026253535958847368, -0.15283498191474232], [0.0013471430858516857, 0.9869807371429669, -0.16083286266877198], [0.1550676144548834, 0.15868136739511454, 0.9750765398618142]], "fy": 160.4441936369662, "fx": 160.4441936369662}, {"id": 45, "img_name": "0250", "width": 189, "height": 141, "position": [0.44225326141581023, 0.3472431765938435, 3.6466228327690873], "rotation": [[0.9860618003710149, -0.03629471067323819, -0.1623724725014022], [0.008706002376674467, 0.9858351459091965, -0.16749110607077203], [0.1661515313552362, 0.16374296646677441, 0.9724103606816265]], "fy": 160.4441936369662, "fx": 160.4441936369662}, {"id": 46, "img_name": "0251", "width": 189, "height": 141, "position": [0.45726179946038964, 0.3357086772363131, 3.7845081388887434], "rotation": [[0.9828214357000404, -0.04713168517724236, -0.1784394288851672], [0.01739123203545242, 0.986190944127154, -0.1646965900372003], [0.18373777667317187, 0.15876405756324666, 0.9700692776545672]], "fy": 160.4441936369662, "fx": 160.4441936369662}, {"id": 47, "img_name": "0252", "width": 189, "height": 141, "position": [0.450450010562912, 0.31858235308764654, 3.898978532544819], "rotation": [[0.9825310784549627, -0.04798985101586544, -0.17980448845788902], [0.020203670099801414, 0.9879748601556183, -0.15328890179978782], [0.18499862589929283, 0.1469783994332557, 0.9716855759531536]], "fy": 160.4441936369662, "fx": 160.4441936369662}, {"id": 48, "img_name": "0253", "width": 189, "height": 141, "position": [0.45630306900427925, 0.3172937702772334, 4.039862846023841], "rotation": [[0.9803988958361288, -0.04689047823379239, -0.1913616682993377], [0.016804079693213056, 0.9876279486126621, -0.15591234083551267], [0.19630493612989883, 0.14964063007803446, 0.9690573016498485]], "fy": 160.4441936369662, "fx": 160.4441936369662}]