[{"id": 0, "img_name": "frame_1", "width": 1080, "height": 1080, "position": [0.0011274532504950724, -10.374155998095608, -1.808510627010879e-07], "rotation": [[0.9999997280898518, 0.0007374416643124592, -1.1926878667592382e-07], [1.1920662498778688e-07, 8.433765610784279e-08, 0.9999999999999896], [0.0007374416643225102, -0.9999997280898556, 8.42497252436501e-08]], "fy": 50.00000000000003, "fx": 50.00000000000003}, {"id": 1, "img_name": "frame_10", "width": 1080, "height": 1080, "position": [0.0011485882633021866, -10.350756645134203, 6.350506366979445e-07], "rotation": [[0.9999976940263227, 0.0021475432553210955, -5.9598245442558076e-08], [5.959824544288383e-08, 6.39949029575071e-11, 0.9999999999999982], [0.002147543255321096, -0.9999976940263244, -6.399505464275872e-11]], "fy": 50.00000000000003, "fx": 50.00000000000003}, {"id": 2, "img_name": "frame_100", "width": 1080, "height": 1080, "position": [-0.06490676180420596, -8.331560146980705, 5.534513040738469e-07], "rotation": [[0.9984992440687377, 0.05476549638344081, -1.8630820305596497e-07], [1.770719644350187e-07, 1.7350304563903164e-07, 0.9999999999999694], [0.05476549638347146, -0.9984992440687401, 1.6354522588611764e-07]], "fy": 50.00000000000003, "fx": 50.00000000000003}, {"id": 3, "img_name": "frame_101", "width": 1080, "height": 1080, "position": [-0.06437777759705772, -8.293088924486133, 9.842888408443127e-08], "rotation": [[0.99671351525, -0.08100721275266624, -1.789768745751655e-07], [1.7897687455257607e-07, -7.261140830752371e-09, 0.9999999999999838], [-0.08100721275266626, -0.9967135152500161, 7.2611405528120325e-09]], "fy": 50.00000000000003, "fx": 50.00000000000003}, {"id": 4, "img_name": "frame_102", "width": 1080, "height": 1080, "position": [-0.05814189350883127, -8.255086905425438, -4.709130549820749e-07], "rotation": [[0.976478108274008, -0.2156165672243242, -1.138871507716335e-07], [9.560420346436338e-08, -9.522338354348355e-08, 0.9999999999999911], [-0.21561656722433312, -0.9764781082740102, -7.236969926774418e-08]], "fy": 50.00000000000003, "fx": 50.00000000000003}, {"id": 5, "img_name": "frame_103", "width": 1080, "height": 1080, "position": [-0.048505059250476254, -8.217249870517463, -3.4996170706601124e-09], "rotation": [[0.9379398544691097, -0.34679796625479986, -4.476687519315245e-09], [-2.522058034500725e-08, -8.111949221445177e-08, 0.9999999999999962], [-0.346797966254799, -0.937939854469106, -8.48316506839561e-08]], "fy": 50.00000000000003, "fx": 50.00000000000003}, {"id": 6, "img_name": "frame_104", "width": 1080, "height": 1080, "position": [-0.030995348367806173, -8.182110788260355, -6.330909875799404e-07], "rotation": [[0.9130956303394328, -0.4077454719000941, -5.87921697247071e-08], [2.3649812512951804e-08, -9.122757164824748e-08, 0.9999999999999956], [-0.40774547190009763, -0.9130956303394303, -7.365639306512449e-08]], "fy": 50.00000000000003, "fx": 50.00000000000003}, {"id": 7, "img_name": "frame_105", "width": 1080, "height": 1080, "position": [-0.012778346606636017, -8.146942139713088, -6.709823224042781e-07], "rotation": [[0.8865749083662275, -0.46258505364463387, -8.147544803773077e-08], [4.132738045203093e-08, -9.69240775240402e-08, 0.9999999999999947], [-0.4625850536446391, -0.8865749083662261, -6.681302667133088e-08]], "fy": 50.00000000000003, "fx": 50.00000000000003}, {"id": 8, "img_name": "frame_106", "width": 1080, "height": 1080, "position": [0.005887440749827805, -8.11169338178862, 1.6635289422253244e-07], "rotation": [[0.8981444635795932, -0.4397004918593089, -8.06121161939001e-08], [4.256669248865826e-08, -9.638623965581455e-08, 0.9999999999999943], [-0.4397004918593142, -0.8981444635795914, -6.785217188795199e-08]], "fy": 50.00000000000003, "fx": 50.00000000000003}, {"id": 9, "img_name": "frame_107", "width": 1080, "height": 1080, "position": [0.024691067832721462, -8.076207159932691, 4.4621767845182297e-07], "rotation": [[0.9102304738589136, -0.41410202179967187, -4.119011507204609e-08], [4.119011517836226e-08, -8.92924176292133e-09, 0.9999999999999991], [-0.414102021799672, -0.9102304738589144, 8.92924199661306e-09]], "fy": 50.00000000000003, "fx": 50.00000000000003}, {"id": 10, "img_name": "frame_108", "width": 1080, "height": 1080, "position": [0.04362260782562373, -8.040479658959741, -3.367403458504216e-07], "rotation": [[0.9216620914934778, -0.3879935426058889, -2.4630488508564765e-08], [5.79958686345153e-08, 7.42850122001136e-08, 0.9999999999999957], [-0.38799354260588526, -0.9216620914934751, 9.096770223852335e-08]], "fy": 50.00000000000003, "fx": 50.00000000000003}, {"id": 11, "img_name": "frame_109", "width": 1080, "height": 1080, "position": [0.05855781766198212, -8.002840040533979, -1.1406217580529444e-07], "rotation": [[0.9405830006768277, -0.33956386562438357, -2.698707708134365e-08], [5.604505927960897e-08, 7.57676407580189e-08, 0.9999999999999956], [-0.33956386562438, -0.9405830006768249, 9.02966318828458e-08]], "fy": 50.00000000000003, "fx": 50.00000000000003}, {"id": 12, "img_name": "frame_11", "width": 1080, "height": 1080, "position": [0.0011530369197074502, -10.345830917221042, 5.975894582126777e-07], "rotation": [[0.9999970124939991, 0.0024443819386650487, -1.1940251651231561e-07], [1.1899042421219174e-07, 1.6873295389890516e-07, 0.9999999999999785], [0.0024443819386851433, -0.999997012493992, 1.6844159176437486e-07]], "fy": 50.00000000000003, "fx": 50.00000000000003}, {"id": 13, "img_name": "frame_110", "width": 1080, "height": 1080, "position": [0.07000096409378176, -7.9634919145391425, 2.687174262161646e-07], "rotation": [[0.9627478566868576, -0.2704007478629837, -3.024830714773384e-08], [5.325667117342127e-08, 7.7752887356344e-08, 0.9999999999999956], [-0.27040074786298013, -0.9627478566868549, 8.92570693684197e-08]], "fy": 50.00000000000003, "fx": 50.00000000000003}, {"id": 14, "img_name": "frame_111", "width": 1080, "height": 1080, "position": [0.0815188014748462, -7.923888678879746, -4.0331671380850547e-07], "rotation": [[0.9799293620384343, -0.19934504110949014, -5.445801128907597e-08], [7.134649563365069e-08, 7.753648947975951e-08, 0.9999999999999942], [-0.19934504110948484, -0.9799293620384324, 9.020285277934273e-08]], "fy": 50.00000000000003, "fx": 50.00000000000003}, {"id": 15, "img_name": "frame_112", "width": 1080, "height": 1080, "position": [0.08733782677253438, -7.883004173377064, -1.2583305778709728e-08], "rotation": [[0.9923986466719311, -0.1230647231487954, -1.7358671048987988e-07], [1.8398006062576157e-07, 7.30904231902184e-08, 0.9999999999999803], [-0.12306472314878028, -0.9923986466719433, 9.517629228436261e-08]], "fy": 50.00000000000003, "fx": 50.00000000000003}, {"id": 16, "img_name": "frame_113", "width": 1080, "height": 1080, "position": [0.09018030971452626, -7.8413238369587415, -2.169028728101016e-07], "rotation": [[0.9990484821551836, -0.04361341884551344, -1.7277072626696664e-07], [1.8012514847755205e-07, 1.6469770330829526e-07, 0.9999999999999702], [-0.04361341884548368, -0.999048482155185, 1.7239686404975574e-07]], "fy": 50.00000000000003, "fx": 50.00000000000003}, {"id": 17, "img_name": "frame_114", "width": 1080, "height": 1080, "position": [0.09217015626763155, -7.79940937805381, -5.280312275082079e-07], "rotation": [[0.9993716888960691, 0.03544329884481535, -1.2414126641515712e-07], [1.1816503441428742e-07, 1.7070861343449743e-07, 0.9999999999999786], [0.035443298844835776, -0.9993716888960624, 1.6641319668939823e-07]], "fy": 50.00000000000003, "fx": 50.00000000000003}, {"id": 18, "img_name": "frame_115", "width": 1080, "height": 1080, "position": [0.08693841094478677, -7.757432921685408, 2.3667480203007302e-07], "rotation": [[0.9944615218368255, 0.10510129202798431, -1.8331175272988127e-07], [1.7444008371684928e-07, 9.360305101347311e-08, 0.9999999999999806], [0.10510129202799941, -0.9944615218368379, 7.475075437910995e-08]], "fy": 50.00000000000003, "fx": 50.00000000000003}, {"id": 19, "img_name": "frame_116", "width": 1080, "height": 1080, "position": [0.08167468546996418, -7.7152023259707345, 4.887551865650754e-07], "rotation": [[0.984627568225495, 0.17466697424053412, -6.822491409041176e-08], [6.822491412359014e-08, 6.004471227200521e-09, 0.9999999999999976], [0.17466697424053415, -0.9846275682254974, -6.0044714142327145e-09]], "fy": 50.00000000000003, "fx": 50.00000000000003}, {"id": 20, "img_name": "frame_117", "width": 1080, "height": 1080, "position": [0.07207044205615329, -7.673569665738367, -8.985636393872587e-08], "rotation": [[0.9736010039637438, 0.22825662111043965, -1.8762242824172055e-07], [1.682535796985613e-07, 1.0431493291111455e-07, 0.9999999999999803], [0.22825662111045478, -0.9736010039637566, 6.315612981784961e-08]], "fy": 50.00000000000003, "fx": 50.00000000000003}, {"id": 21, "img_name": "frame_118", "width": 1080, "height": 1080, "position": [0.06070698988451155, -7.632025230771323, 2.599336337390172e-07], "rotation": [[0.9613250229324138, 0.2754164125174111, -1.8253368706129918e-07], [8.875910630717258e-08, 3.5294678422301893e-07, 0.9999999999999338], [0.27541641251745724, -0.9613250229323662, 3.148508607928774e-07]], "fy": 50.00000000000003, "fx": 50.00000000000003}, {"id": 22, "img_name": "frame_119", "width": 1080, "height": 1080, "position": [0.04791935063728912, -7.5906720047544995, 7.244062164785178e-08], "rotation": [[0.9499377362263173, 0.31243926976800335, -2.376849664585792e-07], [1.5766716801553792e-07, 2.8136979672828e-07, 0.9999999999999479], [0.312439269768054, -0.9499377362263052, 2.1802237290823623e-07]], "fy": 50.00000000000003, "fx": 50.00000000000003}, {"id": 23, "img_name": "frame_12", "width": 1080, "height": 1080, "position": [0.0011578996920225593, -10.340447425773245, 5.835819972685547e-07], "rotation": [[0.9999961669086034, 0.0027687845884141874, -5.971491820267598e-08], [5.948152688324722e-08, 8.437612618609002e-08, 0.9999999999999947], [0.0027687845884192108, -0.9999961669086015, 8.42111112297574e-08]], "fy": 50.00000000000003, "fx": 50.00000000000003}, {"id": 24, "img_name": "frame_120", "width": 1080, "height": 1080, "position": [0.03296117562055295, -7.549745553700649, -2.3146534449392446e-07], "rotation": [[0.9424704141440696, 0.3342895727704839, -1.8179422885416332e-07], [6.742328432654731e-08, 3.5373456965134825e-07, 0.999999999999935], [0.3342895727705265, -0.9424704141440207, 3.1084546544253874e-07]], "fy": 50.00000000000003, "fx": 50.00000000000003}, {"id": 25, "img_name": "frame_121", "width": 1080, "height": 1080, "position": [0.017820305644933865, -7.508622166468876, 8.264487391221823e-08], "rotation": [[0.9354616925999897, 0.3534280997288327, -1.698103437851665e-07], [7.895716172741974e-08, 2.714808010669425e-07, 0.99999999999996], [0.35342809972886463, -0.9354616925999655, 2.2605421004751867e-07]], "fy": 50.00000000000003, "fx": 50.00000000000003}, {"id": 26, "img_name": "frame_122", "width": 1080, "height": 1080, "position": [0.001766983934832795, -7.467579364587601, 4.82490788634446e-07], "rotation": [[0.936768882792986, 0.34994865370618244, -1.0717706933503861e-07], [1.7248683669499433e-08, 2.6009255417380353e-07, 0.9999999999999661], [0.34994865370619843, -0.9367688827929561, 2.376104577566341e-07]], "fy": 50.00000000000003, "fx": 50.00000000000003}, {"id": 27, "img_name": "frame_123", "width": 1080, "height": 1080, "position": [-0.014374756301179363, -7.426309586211303, 4.423687613734123e-07], "rotation": [[0.9380694225148226, 0.34644733877272765, -4.4499377656891426e-08], [-4.4499377656891406e-08, 2.489350431059117e-07, 0.9999999999999679], [0.3464473387727276, -0.9380694225147905, 2.489350431059117e-07]], "fy": 50.00000000000003, "fx": 50.00000000000003}, {"id": 28, "img_name": "frame_124", "width": 1080, "height": 1080, "position": [-0.029202669838956852, -7.384294511388453, -8.932757830437476e-08], "rotation": [[0.9474614938204725, 0.319869844979917, -5.1383836899858474e-08], [-3.0589046400157315e-08, 2.5124525434714467e-07, 0.9999999999999677], [0.3198698449799197, -0.9474614938204403, 2.4782971753655995e-07]], "fy": 50.00000000000003, "fx": 50.00000000000003}, {"id": 29, "img_name": "frame_125", "width": 1080, "height": 1080, "position": [-0.043874445915070816, -7.341964248043902, -3.7309703182642347e-07], "rotation": [[0.9573437929309164, 0.2889513144746731, -7.296619536026982e-08], [7.296619547856496e-08, 1.0771576137481067e-08, 0.9999999999999971], [0.28895131447467315, -0.957343792930919, -1.0771576529412583e-08]], "fy": 50.00000000000003, "fx": 50.00000000000003}, {"id": 30, "img_name": "frame_126", "width": 1080, "height": 1080, "position": [-0.055678135708373655, -7.298554899581873, 2.7277529098430866e-07], "rotation": [[0.9711587917253858, 0.2384336411970577, -4.0827897268833306e-08], [-1.9906970166678933e-08, 2.523164352025084e-07, 0.9999999999999679], [0.23843364119706034, -0.9711587917253537, 2.497858157291523e-07]], "fy": 50.00000000000003, "fx": 50.00000000000003}, {"id": 31, "img_name": "frame_127", "width": 1080, "height": 1080, "position": [-0.06601970493314908, -7.254474644345684, -5.6735924066011814e-08], "rotation": [[0.9842213714842595, 0.17694149291118438, -6.744956811270137e-08], [3.7501092590901846e-08, 1.7260050652409905e-07, 0.9999999999999845], [0.17694149291119335, -0.9842213714842467, 1.6324160793801104e-07]], "fy": 50.00000000000003, "fx": 50.00000000000003}, {"id": 32, "img_name": "frame_128", "width": 1080, "height": 1080, "position": [-0.0725694897732631, -7.209592347580177, 3.437439598343468e-07], "rotation": [[0.9948412122741489, 0.10144438062749775, -7.170085843237353e-08], [5.457651484089361e-08, 1.7158064512974603e-07, 0.9999999999999837], [0.10144438062750841, -0.9948412122741364, 1.651590162602959e-07]], "fy": 50.00000000000003, "fx": 50.00000000000003}, {"id": 33, "img_name": "frame_129", "width": 1080, "height": 1080, "position": [-0.07548508713501635, -7.163939012736954, 2.662073788098059e-07], "rotation": [[0.9999216135103609, 0.012520656324822854, -1.796483157918713e-07], [1.7859288268490056e-07, 8.541344414944856e-08, 0.99999999999998], [0.012520656324837955, -0.999921613510373, 8.317064878326339e-08]], "fy": 50.00000000000003, "fx": 50.00000000000003}, {"id": 34, "img_name": "frame_13", "width": 1080, "height": 1080, "position": [0.0011631752341155202, -10.334608077933357, 4.536974876591778e-07], "rotation": [[0.9999951303133913, 0.003120793088295476, -5.989437441081434e-08], [5.963131089765068e-08, 8.438685024934905e-08, 0.9999999999999948], [0.0031207930883005138, -0.9999951303133896, 8.420034232893966e-08]], "fy": 50.00000000000003, "fx": 50.00000000000003}, {"id": 35, "img_name": "frame_130", "width": 1080, "height": 1080, "position": [-0.07475839208428328, -7.118213180803224, 3.0223433863220394e-07], "rotation": [[0.9967753973701639, -0.08024217841976213, -5.452049642810631e-08], [6.128986578865381e-08, 8.189874725138013e-08, 0.9999999999999949], [-0.08024217841975724, -0.9967753973701623, 8.655268868107513e-08]], "fy": 50.00000000000003, "fx": 50.00000000000003}, {"id": 36, "img_name": "frame_131", "width": 1080, "height": 1080, "position": [-0.06778619237865728, -7.072533611039801, 6.983252250298836e-08], "rotation": [[0.9839738987493548, -0.17831255306341062, -5.2472058344573546e-08], [5.2472058329416725e-08, -4.716002956621271e-09, 0.9999999999999984], [-0.17831255306341065, -0.9839738987493561, 4.716002872982064e-09]], "fy": 50.00000000000003, "fx": 50.00000000000003}, {"id": 37, "img_name": "frame_132", "width": 1080, "height": 1080, "position": [-0.05947207237769647, -7.026985179011449, 1.6286737997012912e-07], "rotation": [[0.9631565291803194, -0.2689414439934634, -1.7746655064635765e-07], [1.774665505409198e-07, -2.4311923190862955e-08, 0.9999999999999838], [-0.2689414439934635, -0.963156529180335, 2.4311922813259842e-08]], "fy": 50.00000000000003, "fx": 50.00000000000003}, {"id": 38, "img_name": "frame_133", "width": 1080, "height": 1080, "position": [-0.04213993879183738, -6.98365974921467, -3.118687768538319e-07], "rotation": [[0.9486670457459271, -0.3162765187548407, -1.175106188443887e-07], [9.050163652125017e-08, -1.0008551618693525e-07, 0.999999999999991], [-0.3162765187548496, -0.9486670457459292, -6.63242884160597e-08]], "fy": 50.00000000000003, "fx": 50.00000000000003}, {"id": 39, "img_name": "frame_134", "width": 1080, "height": 1080, "position": [-0.024724712728011473, -6.940126420091529, -1.703321803936842e-07], "rotation": [[0.9317668649920811, -0.3630571708461731, -4.1421656012067217e-08], [4.1421656203527566e-08, -7.784805227707352e-09, 0.9999999999999993], [-0.3630571708461731, -0.9317668649920822, 7.78480571908014e-09]], "fy": 50.00000000000003, "fx": 50.00000000000003}, {"id": 40, "img_name": "frame_135", "width": 1080, "height": 1080, "position": [-0.006695557888392508, -6.896604538795707, 2.7566746454565623e-07], "rotation": [[0.9306235987624433, -0.36597775537103816, -1.242281956983641e-07], [1.2422819576185106e-07, -2.3549259473234973e-08, 0.9999999999999922], [-0.36597775537103816, -0.9306235987624515, 2.354925963467243e-08]], "fy": 50.00000000000003, "fx": 50.00000000000003}, {"id": 41, "img_name": "frame_136", "width": 1080, "height": 1080, "position": [0.011738441178886587, -6.853012559677354, -4.043798754365852e-08], "rotation": [[0.9395230083105854, -0.3424857907344407, -1.806769292055064e-07], [1.5136089700039228e-07, -1.1232548887649661e-07, 0.9999999999999822], [-0.3424857907344549, -0.9395230083105958, -5.369342471632779e-08]], "fy": 50.00000000000003, "fx": 50.00000000000003}, {"id": 42, "img_name": "frame_137", "width": 1080, "height": 1080, "position": [0.030258036093600785, -6.809216970308171, 6.470528803632159e-08], "rotation": [[0.9478666416703176, -0.318667271003152, -1.93594365595588e-07], [1.3915689359132547e-07, -1.9359436561625568e-07, 0.9999999999999716], [-0.31866727100318043, -0.9478666416703175, -1.3915689366049841e-07]], "fy": 50.00000000000003, "fx": 50.00000000000003}, {"id": 43, "img_name": "frame_138", "width": 1080, "height": 1080, "position": [0.04703603376513496, -6.764651289612614, -2.0595133351985544e-07], "rotation": [[0.9580919140524221, -0.2864609645786497, -1.8943942439040972e-07], [1.650355372710582e-07, -1.0933500335519862e-07, 0.9999999999999803], [-0.2864609645786649, -0.9580919140524343, -5.7476743430502345e-08]], "fy": 50.00000000000003, "fx": 50.00000000000003}, {"id": 44, "img_name": "frame_139", "width": 1080, "height": 1080, "position": [0.05696750704197563, -6.717709538338461, 1.5414870926061368e-07], "rotation": [[0.9748896395672926, -0.2226885508155989, -5.235179080200457e-08], [5.2351790808958026e-08, -5.903187783759157e-09, 0.9999999999999987], [-0.2226885508155989, -0.974889639567294, 5.903187814200107e-09]], "fy": 50.00000000000003, "fx": 50.00000000000003}, {"id": 45, "img_name": "frame_14", "width": 1080, "height": 1080, "position": [0.001168859191310441, -10.328313827375148, 9.335426762022393e-07], "rotation": [[0.9999938745882947, 0.0035001122661627465, -1.195085336163338e-07], [1.192134957475424e-07, 8.450246093915197e-08, 0.9999999999999893], [0.003500112266172808, -0.9999938745882984, 8.408468270802994e-08]], "fy": 50.00000000000003, "fx": 50.00000000000003}, {"id": 46, "img_name": "frame_140", "width": 1080, "height": 1080, "position": [0.06694256551171891, -6.670561779662319, -1.4728586357533217e-08], "rotation": [[0.9874933287704502, -0.1576607929506561, -1.613936705526471e-07], [1.747252303260284e-07, 7.069816522531809e-08, 0.9999999999999821], [-0.1576607929506419, -0.9874933287704605, 9.736128488104084e-08]], "fy": 50.00000000000003, "fx": 50.00000000000003}, {"id": 47, "img_name": "frame_141", "width": 1080, "height": 1080, "position": [0.07419616010049088, -6.622896657840055, -8.193846013268487e-08], "rotation": [[0.9958578378997259, -0.09092396105345515, -1.81347886865538e-07], [1.6600335517463887e-07, -1.7632474761408424e-07, 0.9999999999999705], [-0.09092396105348446, -0.9958578378997266, -1.6050069932614152e-07]], "fy": 50.00000000000003, "fx": 50.00000000000003}, {"id": 48, "img_name": "frame_142", "width": 1080, "height": 1080, "position": [0.07490502855527847, -6.574289313001559, 1.76126215003105e-07], "rotation": [[0.9997634640088676, -0.021748931766305386, -1.1878920077121003e-07], [1.1695579446216803e-07, -8.557066543021897e-08, 0.9999999999999893], [-0.021748931766315323, -0.9997634640088712, -8.300676129463652e-08]], "fy": 50.00000000000003, "fx": 50.00000000000003}, {"id": 49, "img_name": "frame_143", "width": 1080, "height": 1080, "position": [0.07561687616909554, -6.5254745347990175, -8.405623178154117e-09], "rotation": [[0.9988557215137239, 0.04782517746193904, -1.7907285676131042e-07], [1.7907285676218673e-07, 4.284546924883616e-09, 0.9999999999999838], [0.04782517746193903, -0.9988557215137399, -4.284546943185665e-09]], "fy": 50.00000000000003, "fx": 50.00000000000003}, {"id": 50, "img_name": "frame_144", "width": 1080, "height": 1080, "position": [0.07066307832609153, -6.476849551508696, -2.851001798035621e-07], "rotation": [[0.9939305884688132, 0.11000902374821238, -6.312427099223257e-08], [6.312427104509391e-08, 3.4826884109401266e-09, 0.9999999999999978], [0.11000902374821236, -0.993930588468815, -3.482688888542066e-09]], "fy": 50.00000000000003, "fx": 50.00000000000003}, {"id": 51, "img_name": "frame_145", "width": 1080, "height": 1080, "position": [0.06313145717003725, -6.428200233185425, -3.580752616382337e-07], "rotation": [[0.9856695224491343, 0.1686878552678326, -1.8561648412287118e-07], [1.7134594381298692e-07, 9.915360848434847e-08, 0.9999999999999802], [0.16868785526784771, -0.9856695224491464, 6.882871015674545e-08]], "fy": 50.00000000000003, "fx": 50.00000000000003}, {"id": 52, "img_name": "frame_146", "width": 1080, "height": 1080, "position": [0.05411003782694271, -6.3796706045535645, 3.3460985630408987e-07], "rotation": [[0.9750327683966522, 0.22206102889223756, -2.848151068155613e-07], [3.224876814370258e-07, -1.3339103285467894e-07, 0.999999999999939], [0.22206102889218599, -0.9750327683966848, -2.016725743893745e-07]], "fy": 50.00000000000003, "fx": 50.00000000000003}, {"id": 53, "img_name": "frame_147", "width": 1080, "height": 1080, "position": [0.04064768093392281, -6.331904404123211, -4.7508138132624853e-07], "rotation": [[0.9655493910622791, 0.2602198559280799, -1.7695708942365369e-07], [1.9908337612048334e-07, -5.8672475638708086e-08, 0.9999999999999786], [0.2602198559280639, -0.9655493910622934, -1.0845662057580826e-07]], "fy": 50.00000000000003, "fx": 50.00000000000003}, {"id": 54, "img_name": "frame_148", "width": 1080, "height": 1080, "position": [0.02713148650236326, -6.283946509042811, -1.5748415491060892e-07], "rotation": [[0.9545266137708341, 0.29812571778219576, -1.874922887251341e-07], [1.8749228883063588e-07, 2.8598368754208486e-08, 0.9999999999999818], [0.2981257177821958, -0.954526613770852, -2.8598369091999793e-08]], "fy": 50.00000000000003, "fx": 50.00000000000003}, {"id": 55, "img_name": "frame_149", "width": 1080, "height": 1080, "position": [0.010817690808984712, -6.236670015329531, 2.093046436557603e-07], "rotation": [[0.9493117648472362, 0.3143360830744606, -1.7683967098657962e-07], [1.768396708807941e-07, 2.851626446441775e-08, 0.9999999999999842], [0.3143360830744606, -0.9493117648472524, -2.8516264144939825e-08]], "fy": 50.00000000000003, "fx": 50.00000000000003}, {"id": 56, "img_name": "frame_15", "width": 1080, "height": 1080, "position": [0.0011749558059922969, -10.321569442679237, 1.2402401609073446e-07], "rotation": [[0.9999923691495662, 0.0039066152400920595, -5.9433512798734544e-08], [5.976281646946e-08, -8.417712260466414e-08, 0.9999999999999948], [0.003906615240087037, -0.9999923691495645, -8.440995059124312e-08]], "fy": 50.00000000000003, "fx": 50.00000000000003}, {"id": 57, "img_name": "frame_150", "width": 1080, "height": 1080, "position": [-0.0058649954454034064, -6.189308167457706, -1.8843607968546242e-07], "rotation": [[0.944629404059634, 0.3281391305314168, -1.626016042372457e-07], [1.9065269107767154e-07, -5.331437806451533e-08, 0.9999999999999803], [0.3281391305314016, -0.9446294040596467, -1.1292293745516407e-07]], "fy": 50.00000000000003, "fx": 50.00000000000003}, {"id": 58, "img_name": "frame_151", "width": 1080, "height": 1080, "position": [-0.022685764865825457, -6.1417903944941665, -1.754254228166973e-07], "rotation": [[0.9455546283969425, 0.3254634306908856, -1.974537682251276e-07], [1.9745376827932817e-07, 3.303118798560671e-08, 0.9999999999999798], [0.3254634306908856, -0.9455546283969624, -3.3031188143073176e-08]], "fy": 50.00000000000003, "fx": 50.00000000000003}, {"id": 59, "img_name": "frame_152", "width": 1080, "height": 1080, "position": [-0.03961595565626561, -6.09411049383761, -5.4161081495696625e-08], "rotation": [[0.9499232162437095, 0.312483412745687, -1.2484757647680433e-07], [1.2484757635754841e-07, 2.0007350429338473e-08, 0.9999999999999922], [0.312483412745687, -0.9499232162437176, -2.0007350066810568e-08]], "fy": 50.00000000000003, "fx": 50.00000000000003}, {"id": 60, "img_name": "frame_153", "width": 1080, "height": 1080, "position": [-0.055374804948867026, -6.0458588690529895, 3.2051906291726294e-07], "rotation": [[0.9579070947191569, 0.2870783828271952, -1.6319672562719167e-07], [2.121120072419112e-07, -1.3928903532498377e-07, 0.9999999999999679], [0.2870783828271633, -0.9579070947191607, -1.943187271762128e-07]], "fy": 50.00000000000003, "fx": 50.00000000000003}, {"id": 61, "img_name": "frame_154", "width": 1080, "height": 1080, "position": [-0.06936446336229307, -5.996846208455787, -3.0998502484632127e-07], "rotation": [[0.9700474476962929, 0.24291551868476743, -1.3580582590909724e-07], [1.1517450652481727e-07, 9.91336001824065e-08, 0.9999999999999879], [0.2429155186847781, -0.9700474476962969, 6.818662085909604e-08]], "fy": 50.00000000000003, "fx": 50.00000000000003}, {"id": 62, "img_name": "frame_155", "width": 1080, "height": 1080, "position": [-0.0816549819332469, -5.947281842602178, 6.017320225542763e-09], "rotation": [[0.9818604498755661, 0.18960500249240986, -6.293292295490482e-08], [6.293292292957858e-08, 6.020805926649558e-09, 0.999999999999998], [0.18960500249240986, -0.9818604498755683, -6.020805795498816e-09]], "fy": 50.00000000000003, "fx": 50.00000000000003}, {"id": 63, "img_name": "frame_156", "width": 1080, "height": 1080, "position": [-0.08906999421209985, -5.896483437305121, -1.1468486678760365e-07], "rotation": [[0.9937729138426721, 0.11142439460285446, -1.7940166466151778e-07], [1.888086947356177e-07, -7.387342864007419e-08, 0.9999999999999795], [0.11142439460283891, -0.9937729138426855, -9.445130694200218e-08]], "fy": 50.00000000000003, "fx": 50.00000000000003}, {"id": 64, "img_name": "frame_157", "width": 1080, "height": 1080, "position": [-0.09477059335869004, -5.8454280070474685, 8.762793095530142e-08], "rotation": [[0.9995952037135122, 0.028450460680098367, -1.8030519803719404e-07], [1.779067607733342e-07, 8.68335064303537e-08, 0.9999999999999802], [0.028450460680113466, -0.9995952037135246, 8.173682724731289e-08]], "fy": 50.00000000000003, "fx": 50.00000000000003}, {"id": 65, "img_name": "frame_158", "width": 1080, "height": 1080, "position": [-0.09201849946118547, -5.7938070462825095, -3.4547629368110824e-07], "rotation": [[0.9972898457104428, -0.07357284582513339, -1.7994384418103935e-07], [1.6753197783740794e-07, -1.7487299441743002e-07, 0.9999999999999707], [-0.07357284582516269, -0.9972898457104435, -1.6207325724557278e-07]], "fy": 50.00000000000003, "fx": 50.00000000000003}, {"id": 66, "img_name": "frame_159", "width": 1080, "height": 1080, "position": [-0.08867130001950142, -5.742111211556482, 1.0310355736145457e-07], "rotation": [[0.9845562715817358, -0.17506840974049984, -6.204625548194688e-08], [3.2417311208970375e-08, -1.7210179990053753e-07, 0.9999999999999848], [-0.1750684097405078, -0.9845562715817228, -1.6376865932016548e-07]], "fy": 50.00000000000003, "fx": 50.00000000000003}, {"id": 67, "img_name": "frame_16", "width": 1080, "height": 1080, "position": [0.0011814554714602626, -10.314371108867634, 4.641362528296456e-07], "rotation": [[0.9999905806585273, 0.004340344940996589, -1.1972677827173774e-07], [1.1899504908966118e-07, 1.6884603579353458e-07, 0.9999999999999787], [0.004340344941016712, -0.9999905806585203, 1.6832796581574882e-07]], "fy": 50.00000000000003, "fx": 50.00000000000003}, {"id": 68, "img_name": "frame_160", "width": 1080, "height": 1080, "position": [-0.07384328718477613, -5.692222604637644, -2.1788485381019566e-07], "rotation": [[0.9619860510707356, -0.273098585762204, -1.2760339295361362e-07], [8.111852734930752e-08, -1.8150405670946373e-07, 0.9999999999999805], [-0.2730985857622218, -0.9619860510707269, -1.5245101567447221e-07]], "fy": 50.00000000000003, "fx": 50.00000000000003}, {"id": 69, "img_name": "frame_161", "width": 1080, "height": 1080, "position": [-0.058966052819426025, -5.6421690084826315, -2.7442731536076357e-07], "rotation": [[0.9295581809797683, -0.3686754510047517, -1.6559187650339636e-07], [1.6559187636269537e-07, -3.163919112228126e-08, 0.9999999999999856], [-0.36867545100475163, -0.9295581809797823, 3.1639190767525456e-08]], "fy": 50.00000000000003, "fx": 50.00000000000003}, {"id": 70, "img_name": "frame_162", "width": 1080, "height": 1080, "position": [-0.0358174360988892, -5.595457083571728, 2.0087653559250573e-07], "rotation": [[0.9080623065840231, -0.41883510760354153, -1.8273978960194723e-07], [1.4659406708032665e-07, -1.1847918672662445e-07, 0.9999999999999822], [-0.41883510760355575, -0.9080623065840336, -4.6187741714350745e-08]], "fy": 50.00000000000003, "fx": 50.00000000000003}, {"id": 71, "img_name": "frame_163", "width": 1080, "height": 1080, "position": [-0.009843370294089469, -5.549767019171924, 3.9778966852567815e-08], "rotation": [[0.8909841651434964, -0.4540343791647425, -1.8360833360192883e-07], [1.4424835125669493e-07, -1.213241535160963e-07, 0.9999999999999822], [-0.4540343791647567, -0.890984165143507, -4.260418901335429e-08]], "fy": 50.00000000000003, "fx": 50.00000000000003}, {"id": 72, "img_name": "frame_164", "width": 1080, "height": 1080, "position": [0.01614400212975261, -5.503894805249178, -3.022427942516626e-07], "rotation": [[0.8762166405048435, -0.4819174191730409, -4.0821746925191554e-08], [4.082174709239024e-08, -1.048530871184538e-08, 0.9999999999999993], [-0.4819174191730408, -0.8762166405048445, 1.0485309015844099e-08]], "fy": 50.00000000000003, "fx": 50.00000000000003}, {"id": 73, "img_name": "frame_165", "width": 1080, "height": 1080, "position": [0.04140794856075316, -5.4574284459895575, 2.5294285257062265e-07], "rotation": [[0.903148707159244, -0.42932786161223563, -2.2612530789351822e-07], [2.261253078398951e-07, -5.101119772058973e-08, 0.9999999999999731], [-0.4293278616122356, -0.9031487071592706, 5.101119760778637e-08]], "fy": 50.00000000000003, "fx": 50.00000000000003}, {"id": 74, "img_name": "frame_166", "width": 1080, "height": 1080, "position": [0.0667487672566626, -5.410820951945101, 1.5908374768797533e-07], "rotation": [[0.9269955011982011, -0.3750724473462128, -1.3563574694350859e-07], [7.121660824473961e-08, -1.8561286487087803e-07, 0.9999999999999805], [-0.3750724473462306, -0.9269955011981926, -1.4535090315091902e-07]], "fy": 50.00000000000003, "fx": 50.00000000000003}, {"id": 75, "img_name": "frame_167", "width": 1080, "height": 1080, "position": [0.08467580796192653, -5.3612804253861315, -3.1650304612541736e-08], "rotation": [[0.9599675437117492, -0.28011125471854126, -1.8775307588303466e-07], [1.8775307584804879e-07, -2.683296972713171e-08, 0.9999999999999818], [-0.2801112547185413, -0.9599675437117674, 2.683296960723168e-08]], "fy": 50.00000000000003, "fx": 50.00000000000003}, {"id": 76, "img_name": "frame_168", "width": 1080, "height": 1080, "position": [0.0960876199318106, -5.309143049835976, 8.470679172227914e-09], "rotation": [[0.9892156464467958, -0.14646639486523258, -1.7245071132230146e-07], [1.8483032690461789e-07, 7.091278514352221e-08, 0.9999999999999803], [-0.1464663948652175, -0.989215646446808, 9.721946824013701e-08]], "fy": 50.00000000000003, "fx": 50.00000000000003}, {"id": 77, "img_name": "frame_169", "width": 1080, "height": 1080, "position": [0.10077734735928996, -5.256382924181559, 9.691107503660057e-08], "rotation": [[0.9999477066560826, -0.010226629611420728, -1.787924981038957e-07], [1.7879249810674027e-07, -9.142460931406554e-10, 0.9999999999999842], [-0.01022662961142073, -0.9999477066560986, 9.142463712781775e-10]], "fy": 50.00000000000003, "fx": 50.00000000000003}, {"id": 78, "img_name": "frame_17", "width": 1080, "height": 1080, "position": [0.0011883625686288767, -10.306727409291657, 3.752366178469171e-08], "rotation": [[0.9999884748981475, 0.004801048934695166, -6.00028056914176e-08], [5.919340703111491e-08, 1.6872997595646218e-07, 0.9999999999999838], [0.004801048934705215, -0.9999884748981349, 1.6844384088253848e-07]], "fy": 50.00000000000003, "fx": 50.00000000000003}, {"id": 79, "img_name": "frame_170", "width": 1080, "height": 1080, "position": [0.09665566828337938, -5.202857965601185, 2.3006579588334765e-08], "rotation": [[0.9920454823155638, 0.12587994684332054, -5.78365571515317e-08], [5.783655710196241e-08, 3.654767520378467e-09, 0.9999999999999984], [0.12587994684332052, -0.9920454823155657, -3.6547671297285855e-09]], "fy": 50.00000000000003, "fx": 50.00000000000003}, {"id": 80, "img_name": "frame_171", "width": 1080, "height": 1080, "position": [0.08622650082404852, -5.150405879256218, 5.214917333839965e-08], "rotation": [[0.9707868628608436, 0.23994346604314717, -5.256932188508451e-08], [7.294439613081963e-08, -7.603515909878604e-08, 0.9999999999999946], [0.23994346604314185, -0.9707868628608421, -9.131646480789162e-08]], "fy": 50.00000000000003, "fx": 50.00000000000003}, {"id": 81, "img_name": "frame_172", "width": 1080, "height": 1080, "position": [0.06987638180066921, -5.0989522793390325, -4.464306858051678e-08], "rotation": [[0.9429800596994262, 0.3328492256401175, -2.0117055833327806e-07], [1.7270475298717594e-07, 1.1510743347020511e-07, 0.9999999999999785], [0.3328492256401334, -0.9429800596994405, 5.105937119434366e-08]], "fy": 50.00000000000003, "fx": 50.00000000000003}, {"id": 82, "img_name": "frame_173", "width": 1080, "height": 1080, "position": [0.04920871664652843, -5.049048415464055, -6.705822143250913e-08], "rotation": [[0.9184549446163484, 0.39552561827238486, -1.6873334668656437e-07], [2.027748642831136e-07, -4.4260672948768364e-08, 0.9999999999999785], [0.3955256182723688, -0.9184549446163625, -1.2085408748904326e-07]], "fy": 50.00000000000003, "fx": 50.00000000000003}, {"id": 83, "img_name": "frame_174", "width": 1080, "height": 1080, "position": [0.02577195897489171, -5.000082488556607, 3.0798714613981376e-07], "rotation": [[0.8982115600099694, 0.4395634123359559, -1.657550370544273e-07], [2.0378792845181783e-07, -3.9333656040569725e-08, 0.9999999999999786], [0.43956341233593993, -0.898211560009984, -1.24907661774977e-07]], "fy": 50.00000000000003, "fx": 50.00000000000003}, {"id": 84, "img_name": "frame_175", "width": 1080, "height": 1080, "position": [0.0006568801405638069, -4.95180892930893, -1.5656479302926006e-08], "rotation": [[0.8892624680553156, 0.4573972703330519, -2.0481712253416618e-07], [2.0481712255003537e-07, 4.9586965450393734e-08, 0.9999999999999778], [0.4573972703330519, -0.8892624680553378, -4.9586965481246234e-08]], "fy": 50.00000000000003, "fx": 50.00000000000003}, {"id": 85, "img_name": "frame_176", "width": 1080, "height": 1080, "position": [-0.02536200558885594, -4.903834824476721, 1.683257357365465e-07], "rotation": [[0.8868944574798748, 0.46197210012233886, -1.8464298888149637e-07], [2.2473446558442452e-07, -3.176114531886256e-08, 0.9999999999999741], [0.46197210012232104, -0.8868944574798936, -1.3198983676587678e-07]], "fy": 50.00000000000003, "fx": 50.00000000000003}, {"id": 86, "img_name": "frame_177", "width": 1080, "height": 1080, "position": [-0.05047370465782548, -4.855227002883441, -1.825130504528014e-07], "rotation": [[0.8967677794236435, 0.4425014686840639, -1.8470119066677516e-07], [1.847011905163221e-07, 4.308938040922234e-08, 0.9999999999999822], [0.44250146868406387, -0.8967677794236615, -4.30893801043161e-08]], "fy": 50.00000000000003, "fx": 50.00000000000003}, {"id": 87, "img_name": "frame_178", "width": 1080, "height": 1080, "position": [-0.07516529922456504, -4.806242477031972, 2.06807858447375e-07], "rotation": [[0.9118192345374511, 0.4105918697776601, -1.4712921533626417e-07], [1.8252870842706624e-07, -4.701498800501597e-08, 0.9999999999999821], [0.41059186977764583, -0.9118192345374617, -1.1781397405175228e-07]], "fy": 50.00000000000003, "fx": 50.00000000000003}, {"id": 88, "img_name": "frame_179", "width": 1080, "height": 1080, "position": [-0.09615013742279324, -4.755487934801789, 1.1851153804551913e-07], "rotation": [[0.9359339122894931, 0.3521756831844812, -1.6586523539226783e-07], [1.6586523536783072e-07, 3.0173397075681433e-08, 0.9999999999999858], [0.35217568318448117, -0.9359339122895074, -3.0173397010737975e-08]], "fy": 50.00000000000003, "fx": 50.00000000000003}, {"id": 89, "img_name": "frame_18", "width": 1080, "height": 1080, "position": [0.0011956707772365978, -10.298634528899763, 3.8907422060921467e-07], "rotation": [[0.9999860143729141, 0.005288767204343046, -1.791817533621161e-07], [1.7873594205524573e-07, 8.47666429459287e-08, 0.9999999999999805], [0.00528876720435813, -0.9999860143729268, 8.382016464269266e-08]], "fy": 50.00000000000003, "fx": 50.00000000000003}, {"id": 90, "img_name": "frame_180", "width": 1080, "height": 1080, "position": [-0.1153915910490551, -4.703824539200504, 4.592805807924679e-08], "rotation": [[0.9601439837037056, 0.27950586855654896, -1.6543087769569667e-07], [1.892297865860807e-07, -5.816322755964916e-08, 0.9999999999999803], [0.2795058685565338, -0.960143983703718, -1.0873590886946677e-07]], "fy": 50.00000000000003, "fx": 50.00000000000003}, {"id": 91, "img_name": "frame_181", "width": 1080, "height": 1080, "position": [-0.12745968263661325, -4.650107405492051, -1.266042689807898e-07], "rotation": [[0.983586809193392, 0.18043555298425165, -1.7075140210351557e-07], [1.8602377789301766e-07, -6.772020179266308e-08, 0.9999999999999805], [0.18043555298423658, -0.9835868091934045, -1.0017400043436679e-07]], "fy": 50.00000000000003, "fx": 50.00000000000003}, {"id": 92, "img_name": "frame_182", "width": 1080, "height": 1080, "position": [-0.13656464183275416, -4.595463777194139, -3.4376015667178896e-07], "rotation": [[0.9976234051638202, 0.0689024053956909, -1.7901764144859838e-07], [1.7901764143108772e-07, 6.174710571068753e-09, 0.999999999999984], [0.06890240539569091, -0.9976234051638364, -6.174710317535745e-09]], "fy": 50.00000000000003, "fx": 50.00000000000003}, {"id": 93, "img_name": "frame_183", "width": 1080, "height": 1080, "position": [-0.13548534768202716, -4.54030275309171, -3.1828358919397574e-07], "rotation": [[0.9986809811563773, -0.05134489143561759, 2.6333091565274274e-09], [-2.633309172415144e-09, 6.764794667829912e-11, 0.9999999999999998], [-0.051344891435617594, -0.9986809811563773, -6.764825570145345e-11]], "fy": 50.00000000000003, "fx": 50.00000000000003}, {"id": 94, "img_name": "frame_184", "width": 1080, "height": 1080, "position": [-0.13053490416496222, -4.484867593746305, -1.9791561731853677e-08], "rotation": [[0.9847538912606908, -0.17395336629942443, -1.6058389745034082e-07], [1.753032804266122e-07, 6.92524114360964e-08, 0.9999999999999821], [-0.17395336629941024, -0.9847538912607012, 9.869117739360026e-08]], "fy": 50.00000000000003, "fx": 50.00000000000003}, {"id": 95, "img_name": "frame_185", "width": 1080, "height": 1080, "position": [-0.11667066795192939, -4.431319260233422, 1.9914229950190948e-07], "rotation": [[0.959734672403297, -0.28090809633560904, -2.0123262117794734e-07], [1.5339101805334384e-07, -1.9229756429651807e-07, 0.9999999999999699], [-0.2809080963356392, -0.9597346724032988, -1.4146586099672863e-07]], "fy": 50.00000000000003, "fx": 50.00000000000003}, {"id": 96, "img_name": "frame_186", "width