[{"id": 0, "img_name": "0001", "width": 401, "height": 300, "position": [-3.9686653085781534, 3.347803749019872, -3.0385042593045806], "rotation": [[0.5778626553425282, 0.5160121130137305, 0.6323023412763767], [0.273031142843714, 0.607883581864134, -0.7456081718553559], [-0.7691090602755488, 0.6034973488948691, 0.21038584381779724]], "fy": 75.43692068853098, "fx": 75.43692068853099}, {"id": 1, "img_name": "0009", "width": 401, "height": 300, "position": [-3.519346131281559, 2.9197970115000844, -3.0016543580991253], "rotation": [[0.5933125797922337, 0.4964613287259556, 0.6336452727985452], [0.26713081032302693, 0.621125574805939, -0.7367795806739998], [-0.7593558538896288, 0.6064067689279619, 0.2359015001264347]], "fy": 75.43692068853098, "fx": 75.43692068853099}, {"id": 2, "img_name": "0017", "width": 401, "height": 300, "position": [-2.5532358966212505, 2.045677360469312, -2.7412858981614483], "rotation": [[0.6038011548510539, 0.4925383505061383, 0.6267616282776299], [0.2559348314907409, 0.6248554957424048, -0.7375994654758904], [-0.7549314720094397, 0.6057735407899605, 0.25123075020477587]], "fy": 75.43692068853098, "fx": 75.43692068853099}, {"id": 3, "img_name": "0025", "width": 401, "height": 300, "position": [-1.45433746416161, 1.0779000209070506, -2.4708227144118107], "rotation": [[0.6230371428798278, 0.4872232344060601, 0.6119135874018801], [0.22516517914239215, 0.6374756231169634, -0.7368347657605562], [-0.7490830132194397, 0.596857059760992, 0.2874652840249545]], "fy": 75.43692068853098, "fx": 75.43692068853099}, {"id": 4, "img_name": "0033", "width": 401, "height": 300, "position": [-0.6791313464888323, 0.3310696499840933, -2.239603473317475], "rotation": [[0.6481700908058167, 0.45922045976821146, 0.6074472015863202], [0.20766852854107182, 0.6608693502100026, -0.7211972574868786], [-0.7326317735659335, 0.593606158393999, 0.33299010958037933]], "fy": 75.43692068853098, "fx": 75.43692068853099}, {"id": 5, "img_name": "0041", "width": 401, "height": 300, "position": [-0.24219410504011912, -0.051838284799265374, -1.9495235871394045], "rotation": [[0.7054431547195111, 0.4030172279207416, 0.5830326487071416], [0.15138776311413213, 0.7179402737194494, -0.679443528595969], [-0.6924100668236153, 0.5675727947767787, 0.4454541749614583]], "fy": 75.43692068853098, "fx": 75.43692068853099}, {"id": 6, "img_name": "0049", "width": 401, "height": 300, "position": [0.2186650334182118, -0.4762070721973388, -1.7672369946853788], "rotation": [[0.8072824234531053, 0.2861264263105078, 0.5161654356409957], [0.08505794042747077, 0.8090708165224492, -0.5815234824338001], [-0.5840036263191506, 0.5133576550695188, 0.6288113249835812]], "fy": 75.43692068853098, "fx": 75.43692068853099}, {"id": 7, "img_name": "0057", "width": 401, "height": 300, "position": [0.7036807664824457, -0.9640582798309598, -1.5852233178425716], "rotation": [[0.9057809150019722, 0.17277971817585835, 0.3869213137128283], [0.00652804847875015, 0.907298565877923, -0.4204363173405973], [-0.42369602146025515, 0.3833490333142049, 0.8206858108044854]], "fy": 75.43692068853098, "fx": 75.43692068853099}, {"id": 8, "img_name": "0065", "width": 401, "height": 300, "position": [0.8473918644181849, -0.8389697592165923, 0.3758388986601316], "rotation": [[0.9607916962103168, 0.09909833880077158, 0.25895720831872926], [-0.023749179730358463, 0.9599296173091486, -0.27923306801818176], [-0.27625222705968805, 0.2621347917763662, 0.9246459095161367]], "fy": 75.43692068853098, "fx": 75.43692068853099}, {"id": 9, "img_name": "0073", "width": 401, "height": 300, "position": [1.2283030694738701, -1.1626179124318903, 1.0780284050174374], "rotation": [[0.997587837997812, 0.014519621346955138, 0.06787993867699058], [-0.010193444895843395, 0.9979202144943496, -0.06365013106590381], [-0.06866293876616672, 0.06280466622387522, 0.99566107423184]], "fy": 75.43692068853098, "fx": 75.43692068853099}, {"id": 10, "img_name": "0081", "width": 401, "height": 300, "position": [1.2706962418609407, -1.1530532210836628, 1.3813573401923231], "rotation": [[0.999083669673124, -0.005849994096139755, -0.04239809620206184], [0.007116804467899566, 0.9995308474628419, 0.02978986512858023], [0.04220393449253097, -0.030064306732210635, 0.9986565802987841]], "fy": 75.43692068853098, "fx": 75.43692068853099}, {"id": 11, "img_name": "0089", "width": 401, "height": 300, "position": [1.0404731404472438, -0.7685109608060755, 2.7377924843788373], "rotation": [[0.9701040724032582, -0.24250911587253376, -0.009349728623651918], [0.24240571771245273, 0.9663893974341641, 0.08562126223750711], [-0.011728457994324282, -0.08532796285834596, 0.9962838862631073]], "fy": 75.43692068853098, "fx": 75.43692068853099}, {"id": 12, "img_name": "0097", "width": 401, "height": 300, "position": [0.37204037836168347, 0.1275168547151433, 4.213041892776285], "rotation": [[0.8617927617809539, -0.4395059094251027, 0.25327414262488346], [0.4526337906908443, 0.8916676526856794, 0.007172773441826338], [-0.2289888365549578, 0.10845899102621394, 0.967367954812843]], "fy": 75.43692068853098, "fx": 75.43692068853099}, {"id": 13, "img_name": "0105", "width": 401, "height": 300, "position": [0.444580963793178, 0.22711733969995226, 5.152354675700323], "rotation": [[0.8352580137419282, -0.3017927583705043, 0.4596359227421322], [0.38765349319323866, 0.9160336350073065, -0.10299101295928931], [-0.38996002320105644, 0.2642035399657303, 0.8821154514997501]], "fy": 75.43692068853098, "fx": 75.43692068853099}, {"id": 14, "img_name": "0113", "width": 401, "height": 300, "position": [1.0504740306708662, -0.15794607242898456, 6.283214249185955], "rotation": [[0.7989341833888329, -0.28483434609888547, 0.5296919537761914], [0.4142564734707862, 0.8991197231656874, -0.1413339930873152], [-0.4359997073397715, 0.3323448791494729, 0.8363319535344539]], "fy": 75.43692068853098, "fx": 75.43692068853099}, {"id": 15, "img_name": "0002", "width": 401, "height": 300, "position": [-3.9618699087735982, 3.3397219348796683, -3.036988731659114], "rotation": [[0.5776358124899572, 0.515763321399637, 0.632712465838853], [0.272882605783046, 0.6085029278926598, -0.7451572117393184], [-0.7693321464686899, 0.603085717825315, 0.2107502440449428]], "fy": 75.43692068853098, "fx": 75.43692068853099}, {"id": 16, "img_name": "0003", "width": 401, "height": 300, "position": [-3.9375004893164927, 3.3172424762467534, -3.0349135160024736], "rotation": [[0.5781962999156968, 0.5152630114680203, 0.6326081470995332], [0.2724550998354273, 0.6089097855252688, -0.7449812693385242], [-0.7690625834985506, 0.6031027293127418, 0.21168334974214842]], "fy": 75.43692068853098, "fx": 75.43692068853099}, {"id": 17, "img_name": "0004", "width": 401, "height": 300, "position": [-3.894315370180214, 3.287758160575402, -3.029370637222463], "rotation": [[0.5803401486928657, 0.5144297450280957, 0.6313219061979957], [0.27318122147263013, 0.6073320968374196, -0.7460025096377255], [-0.7671879378938802, 0.6054004968460063, 0.21192665327594917]], "fy": 75.43692068853098, "fx": 75.43692068853099}, {"id": 18, "img_name": "0005", "width": 401, "height": 300, "position": [-3.849953160737813, 3.2306735041114765, -3.0224649065944], "rotation": [[0.5792098932611343, 0.5135409586175411, 0.6330810243330648], [0.27154005607416387, 0.6107180102488087, -0.743834329609071], [-0.7686233781870451, 0.6027430595037269, 0.21428697282947773]], "fy": 75.43692068853098, "fx": 75.43692068853099}, {"id": 19, "img_name": "0006", "width": 401, "height": 300, "position": [-3.78425654620355, 3.168252460082235, -3.0096415220335495], "rotation": [[0.580511005176775, 0.510514651752143, 0.634335686537529], [0.27285502175720533, 0.6120345642556675, -0.7422693778260355], [-0.7671747584289547, 0.6039772201853005, 0.21599631368778408]], "fy": 75.43692068853098, "fx": 75.43692068853099}, {"id": 20, "img_name": "0007", "width": 401, "height": 300, "position": [-3.709299711245154, 3.0981174428793397, -2.9955790751734956], "rotation": [[0.5829133492115276, 0.5081691134371703, 0.6340159142004876], [0.2719666392468507, 0.6132629684403298, -0.7415812016741852], [-0.7656671433774426, 0.6047087593943349, 0.2192741249303971]], "fy": 75.43692068853098, "fx": 75.43692068853099}, {"id": 21, "img_name": "0008", "width": 401, "height": 300, "position": [-3.6287693554496547, 3.009526677622875, -2.9819072611597717], "rotation": [[0.5831862008904588, 0.504227580742047, 0.6369053319842565], [0.27182111047802027, 0.6177156039263232, -0.7379300214549032], [-0.7655110312656831, 0.6034749203446325, 0.22318351535359887]], "fy": 75.43692068853098, "fx": 75.43692068853099}, {"id": 22, "img_name": "0010", "width": 401, "height": 300, "position": [-3.3914318761841007, 2.8522197787443426, -2.970333786370824], "rotation": [[0.5992284660300458, 0.5003304455179184, 0.6249757521593294], [0.2617803856320254, 0.6152857323999817, -0.7435687575492708], [-0.7565687511374142, 0.6091739593850508, 0.23772002862509048]], "fy": 75.43692068853098, "fx": 75.43692068853099}, {"id": 23, "img_name": "0011", "width": 401, "height": 300, "position": [-3.2631841218557702, 2.7760059885830106, -2.945591810342429], "rotation": [[0.6053695858714124, 0.5027781933925383, 0.6170427479120143], [0.2575834008872941, 0.6097647267147756, -0.7495583830775226], [-0.7531125122378527, 0.6126998174501034, 0.239625703144299]], "fy": 75.43692068853098, "fx": 75.43692068853099}, {"id": 24, "img_name": "0012", "width": 401, "height": 300, "position": [-3.1658586430573066, 2.653492248222813, -2.906004305738798], "rotation": [[0.600245917524823, 0.5023145093776904, 0.6224025804601337], [0.2599064886622631, 0.6134477079330986, -0.7457415951808514], [-0.7564082599007206, 0.6093948172574803, 0.2376646819653395]], "fy": 75.43692068853098, "fx": 75.43692068853099}, {"id": 25, "img_name": "0013", "width": 401, "height": 300, "position": [-3.04323293593174, 2.5464287202287172, -2.874429395410647], "rotation": [[0.6025194772341944, 0.5015154635730297, 0.6208482256965561], [0.25970962979808276, 0.6123614173410695, -0.7467023521739965], [-0.754666275742845, 0.6111429737378689, 0.23871128567216623]], "fy": 75.43692068853098, "fx": 75.43692068853099}, {"id": 26, "img_name": "0014", "width": 401, "height": 300, "position": [-2.936571774693079, 2.412690380229556, -2.837345477463937], "rotation": [[0.5991069863628153, 0.4989248701067432, 0.6262146539967226], [0.26126277482134097, 0.6174868547611663, -0.7419243537516582], [-0.7568438289263636, 0.608098641822305, 0.23959019268315085]], "fy": 75.43692068853098, "fx": 75.43692068853099}, {"id": 27, "img_name": "0015", "width": 401, "height": 300, "position": [-2.829146548865163, 2.28718784535259, -2.768216800752836], "rotation": [[0.590455150846918, 0.5031023306394237, 0.6310711209867896], [0.2659493003002533, 0.6169668356473498, -0.7406908217205758], [-0.7619932312744969, 0.6051776339360834, 0.23049153319672006]], "fy": 75.43692068853098, "fx": 75.43692068853099}, {"id": 28, "img_name": "0016", "width": 401, "height": 300, "position": [-2.688185685645479, 2.1680692912243575, -2.757570933725093], "rotation": [[0.5986708749052935, 0.49635652666261876, 0.6286679425416503], [0.26078810279595976, 0.621311049009275, -0.7388925130349328], [-0.757352460206088, 0.6063025472636706, 0.2425169523999717]], "fy": 75.43692068853098, "fx": 75.43692068853099}, {"id": 29, "img_name": "0018", "width": 401, "height": 300, "position": [-2.417258563943084, 1.919145496425969, -2.710024091579517], "rotation": [[0.6036669673303465, 0.49059869569123604, 0.6284099874606071], [0.25503059279390455, 0.6279820722271585, -0.7352536390256588], [-0.7553446824419776, 0.6041121061089093, 0.25397435689314296]], "fy": 75.43692068853098, "fx": 75.43692068853099}, {"id": 30, "img_name": "0019", "width": 401, "height": 300, "position": [-2.28377967425993, 1.7977358308850229, -2.665612089586299], "rotation": [[0.6046744926001928, 0.4915534667740251, 0.6266928652068225], [0.2531882354766393, 0.6273912253153812, -0.7363938944705412], [-0.7551585763367356, 0.6039498652203693, 0.25491191593445095]], "fy": 75.43692068853098, "fx": 75.43692068853099}, {"id": 31, "img_name": "0020", "width": 401, "height": 300, "position": [-2.141816685345548, 1.6771213355710597, -2.6363829061818564], "rotation": [[0.610403108814033, 0.48979895034278687, 0.622499022483785], [0.2470541459769494, 0.628961564899135, -0.7371374355133725], [-0.7525771015024069, 0.6037419466317837, 0.2629132331616277]], "fy": 75.43692068853098, "fx": 75.43692068853099}, {"id": 32, "img_name": "0021", "width": 401, "height": 300, "position": [-1.9982217519613465, 1.5544748192592344, -2.6075365405437], "rotation": [[0.6135418026729159, 0.49018709900060337, 0.6190985901665753], [0.24179692691040391, 0.629725352202888, -0.7382277608771112], [-0.7517318022470204, 0.6026297277485747, 0.2678370936299251]], "fy": 75.43692068853098, "fx": 75.43692068853099}, {"id": 33, "img_name": "0022", "width": 401, "height": 300, "position": [-1.8591539984265726, 1.4319873100409062, -2.5634722905177028], "rotation": [[0.6145833996953203, 0.4899260878128423, 0.6182715206924423], [0.2404761175217766, 0.6300992449640644, -0.7383401508772014], [-0.7513045199655028, 0.6024511349280695, 0.2694330126456038]], "fy": 75.43692068853098, "fx": 75.43692068853099}, {"id": 34, "img_name": "0023", "width": 401, "height": 300, "position": [-1.7260516652682916, 1.3100458127824859, -2.5400636170075868], "rotation": [[0.6185639745896981, 0.48703783644918114, 0.6165815073505658], [0.23389987913503857, 0.6350076723030756, -0.7362445943141749], [-0.7501129620799853, 0.599632722575353, 0.2788747785950889]], "fy": 75.43692068853098, "fx": 75.43692068853099}, {"id": 35, "img_name": "0024", "width": 401, "height": 300, "position": [-1.5939189011975183, 1.1888930188693942, -2.5028264272045315], "rotation": [[0.6203897624342298, 0.484832944761253, 0.6164848403172065], [0.2324641193855384, 0.6370444819638774, -0.734938610495925], [-0.7490507164839414, 0.5992589954881836, 0.2825096112725848]], "fy": 75.43692068853098, "fx": 75.43692068853099}, {"id": 36, "img_name": "0026", "width": 401, "height": 300, "position": [-1.344029130681019, 0.9614712020615592, -2.435486556121987], "rotation": [[0.6227215010969768, 0.48348280672629185, 0.615192902813089], [0.22656698190116226, 0.6411414541181668, -0.7332155471097439], [-0.7489227829247326, 0.5959714854011976, 0.2897113284028845]], "fy": 75.43692068853098, "fx": 75.43692068853099}, {"id": 37, "img_name": "0027", "width": 401, "height": 300, "position": [-1.2308813403708787, 0.8527501216272696, -2.3887450535236665], "rotation": [[0.6248377188706992, 0.4808372432771594, 0.6151206146391801], [0.22804442490049973, 0.641100946157271, -0.7327928200440096], [-0.7467084875292774, 0.5981514208909594, 0.2909318001488746]], "fy": 75.43692068853098, "fx": 75.43692068853099}, {"id": 38, "img_name": "0028", "width": 401, "height": 300, "position": [-1.1163420281825882, 0.7506278526884043, -2.3571577066099363], "rotation": [[0.6269988566468077, 0.47991146116997996, 0.6136427488378647], [0.22542068090011183, 0.6422422062214811, -0.7326052587651105], [-0.7456929330402198, 0.597670425891611, 0.2945031606424876]], "fy": 75.43692068853098, "fx": 75.43692068853099}, {"id": 39, "img_name": "0029", "width": 401, "height": 300, "position": [-1.0098509495516095, 0.6543683701948825, -2.328883248946656], "rotation": [[0.6292146107620156, 0.4781962256779216, 0.612713100358557], [0.2223047615875696, 0.644667005193212, -0.7314267190844951], [-0.74476141587699, 0.5964334180464782, 0.29932860080235535]], "fy": 75.43692068853098, "fx": 75.43692068853099}, {"id": 40, "img_name": "0030", "width": 401, "height": 300, "position": [-0.9161073792250903, 0.5597013647878193, -2.310234673871084], "rotation": [[0.6346661992881021, 0.4713134458123004, 0.6124234248277336], [0.21969079406440944, 0.6497500170476309, -0.7277093309488016], [-0.7409013230414319, 0.5963963037638135, 0.3088311486432623]], "fy": 75.43692068853098, "fx": 75.43692068853099}, {"id": 41, "img_name": "0031", "width": 401, "height": 300, "position": [-0.8241929175483089, 0.481653691953812, -2.291593575919711], "rotation": [[0.6400676519076349, 0.46909316115139976, 0.608494048567801], [0.21523136712996735, 0.6507982508991575, -0.7281051402304218], [-0.7375560043717438, 0.5970035534128618, 0.3155913459326858]], "fy": 75.43692068853098, "fx": 75.43692068853099}, {"id": 42, "img_name": "0032", "width": 401, "height": 300, "position": [-0.7512786556828348, 0.40182020015171427, -2.2675121771808877], "rotation": [[0.6441591380935429, 0.46374528731547776, 0.6082756885683241], [0.21304891506646162, 0.6549926894901472, -0.7249791283226483], [-0.734621783368549, 0.5965944059469116, 0.323119095989798]], "fy": 75.43692068853098, "fx": 75.43692068853099}, {"id": 43, "img_name": "0034", "width": 401, "height": 300, "position": [-0.6121179759641163, 0.2670077164475356, -2.207627600044634], "rotation": [[0.6539303736950155, 0.4524789133302346, 0.6063315094489049], [0.2031417125142564, 0.6669924306813912, -0.716836482086748], [-0.7287719197361219, 0.5919323697900116, 0.3442492681167352]], "fy": 75.43692068853098, "fx": 75.43692068853099}, {"id": 44, "img_name": "0035", "width": 401, "height": 300, "position": [-0.5493507234599859, 0.21255628454254147, -2.180506693873702], "rotation": [[0.6594337580740353, 0.4483683644022625, 0.6034177064982389], [0.1957089848259653, 0.6726039187862751, -0.7136539509396247], [-0.7258409687877537, 0.5887017735972823, 0.35578801243531116]], "fy": 75.43692068853098, "fx": 75.43692068853099}, {"id": 45, "img_name": "0036", "width": 401, "height": 300, "position": [-0.49850959779566106, 0.16045614852494527, -2.1420700405856445], "rotation": [[0.6632153282917198, 0.4426139137310181, 0.6035216248740529], [0.1904448728852508, 0.6800375044744661, -0.7080111177798418], [-0.7237929114813346, 0.5845014250451844, 0.3667177462429677]], "fy": 75.43692068853098, "fx": 75.43692068853099}, {"id": 46, "img_name": "0037", "width": 401, "height": 300, "position": [-0.4337733976881015, 0.11155034165486048, -2.1040125375752043], "rotation": [[0.6727038451421732, 0.4370627439063488, 0.5970307317215657], [0.1797972664994428, 0.6861505794048011, -0.7048902931249543], [-0.7177342681593677, 0.5815269041682501, 0.3829934464690323]], "fy": 75.43692068853098, "fx": 75.43692068853099}, {"id": 47, "img_name": "0038", "width": 401, "height": 300, "position": [-0.37758783870823037, 0.07111400446260291, -2.0664360067490475], "rotation": [[0.6813725558147642, 0.43066247535201724, 0.5918287526862215], [0.17109621473568543, 0.692460935260318, -0.7008736964971118], [-0.7116582926416133, 0.5788157612419332, 0.39813915789877435]], "fy": 75.43692068853098, "fx": 75.43692068853099}, {"id": 48, "img_name": "0039", "width": 401, "height": 300, "position": [-0.3293605044612918, 0.02848250191093119, -2.0260322358662046], "rotation": [[0.6894067014677675, 0.42172169270855697, 0.5889560372985082], [0.16495871577558366, 0.7002909943876372, -0.694536640695971], [-0.7053417767727942, 0.5759716460717522, 0.4132186356644552]], "fy": 75.43692068853098, "fx": 75.43692068853099}, {"id": 49, "img_name": "0040", "width": 401, "height": 300, "position": [-0.2848774035715052, -0.011064757785216312, -1.989478897793516], "rotation": [[0.6974166223867136, 0.4133524254759451, 0.585448398385256], [0.15749759929734755, 0.708534495001137, -0.6878759885393994], [-0.699145593588546, 0.5719428658062247, 0.4290417196719716]], "fy": 75.43692068853098, "fx": 75.43692068853099}, {"id": 50, "img_name": "0042", "width": 401, "height": 300, "position": [-0.21554469787502617, -0.09205543244107481, -1.9148259627928859], "rotation": [[0.7119187513383146, 0.3907250494818141, 0.5835286001562637], [0.14830381517434837, 0.7285395449608995, -0.6687571381547254], [-0.6864238267263364, 0.5626402644102176, 0.46071494762680837]], "fy": 75.43692068853098, "fx": 75.43692068853099}, {"id": 51, "img_name": "0043", "width": 401, "height": 300, "position": [-0.1515851088652144, -0.13227949481969506, -1.8880629888034943], "rotation": [[0.7262442884711356, 0.3800474511755041, 0.5728290917176397], [0.13762494121792615, 0.7360320791614066, -0.6628092893133734], [-0.6735195684000695, 0.5601970307850085, 0.4822350854944549]], "fy": 75.43692068853098, "fx": 75.43692068853099}, {"id": 52, "img_name": "0044", "width": 401, "height": 300, "position": [-0.09672084250897159, -0.17054074599792698, -1.863555984305503], "rotation": [[0.7389737081229699, 0.36899894016244955, 0.563699956414737], [0.12878417564928948, 0.743888237027693, -0.6557781079863552], [-0.6613111936186477, 0.5571984143649545, 0.5021926246211306]], "fy": 75.43692068853098, "fx": 75.43692068853099}, {"id": 53, "img_name": "0045", "width": 401, "height": 300, "position": [-0.04899392522110893, -0.231317651906498, -1.829678383682776], "rotation": [[0.7491892314632341, 0.3529330482293632, 0.5604942095392765], [0.12229243821089954, 0.7579589016321294, -0.6407361882967506], [-0.6509685514799941, 0.5485768559683736, 0.5246936040013183]], "fy": 75.43692068853098, "fx": 75.43692068853099}, {"id": 54, "img_name": "0046", "width": 401, "height": 300, "position": [0.009654052517889901, -0.2853652014859314, -1.8111679154307723], "rotation": [[0.762023094255434, 0.3376104385421354, 0.5525757826839327], [0.11421148224892125, 0.769883104633621, -0.6278819495113721], [-0.6373982594452845, 0.5415710451889797, 0.5481097169992863]], "fy": 75.43692068853098, "fx": 75.43692068853099}, {"id": 55, "img_name": "0047", "width": 401, "height": 300, "position": [0.07574248979507224, -0.3491406973114734, -1.797252734348032], "rotation": [[0.7769492217265356, 0.3205577742631859, 0.5418418775048331], [0.10445427038143944, 0.7830976542288735, -0.6130639194572756], [-0.6208375087392929, 0.5329172330678265, 0.5749434845632397]], "fy": 75.43692068853098, "fx": 75.43692068853099}, {"id": 56, "img_name": "0048", "width": 401, "height": 300, "position": [0.14381718922864434, -0.4123866224260883, -1.781771627580839], "rotation": [[0.7916573914327211, 0.30274116885495317, 0.5306848021851355], [0.09591955133537167, 0.7962430602408919, -0.5973243915075297], [-0.6033887753857876, 0.523779317746087, 0.6013129069293981]], "fy": 75.43692068853098, "fx": 75.43692068853099}, {"id": 57, "img_name": "0050", "width": 401, "height": 300, "position": [0.29183411268566406, -0.5452736768026488, -1.7456163457068188], "rotation": [[0.8216472200382154, 0.27025214321934166, 0.5018561794865386], [0.07363569294268958, 0.8227504233390431, -0.5636129218003034], [-0.5652199841905118, 0.5000455179088975, 0.6561103942865866]], "fy": 75.43692068853098, "fx": 75.43692068853099}, {"id": 58, "img_name": "0051", "width": 401, "height": 300, "position": [0.35424533503455186, -0.6209098294992472, -1.7348347458906166], "rotation": [[0.8353564229430429, 0.25087387811787687, 0.4891236489129317], [0.06531460652583702, 0.8381866212852914, -0.5414583918203896], [-0.5458146652685134, 0.48425766403480275, 0.683798849078716]], "fy": 75.43692068853098, "fx": 75.43692068853099}, {"id": 59, "img_name": "0052", "width": 401, "height": 300, "position": [0.4262678641117114, -0.6975452184713422, -1.7190717863641711], "rotation": [[0.8500003300637278, 0.23409058806535532, 0.4719121056624525], [0.0538294999740336, 0.8525521200421408, -0.5198627391381275], [-0.5240246404741854, 0.46728629253474524, 0.7120686041281649]], "fy": 75.43692068853098, "fx": 75.43692068853099}, {"id": 60, "img_name": "0053", "width": 401, "height": 300, "position": [0.48756273342915807, -0.7664550062334073, -1.7016826063454824], "rotation": [[0.8625297843002526, 0.21839208061428014, 0.4564507315361927], [0.04406637784352421, 0.8662186292773397, -0.4977182341813874], [-0.5040838477264585, 0.4494109315736015, 0.7375156195250622]], "fy": 75.43692068853098, "fx": 75.43692068853099}, {"id": 61, "img_name": "0054", "width": 401, "height": 300, "position": [0.551308216163091, -0.8310239220367914, -1.6855103078642557], "rotation": [[0.8750501297148571, 0.20502328645752688, 0.4384663299458316], [0.03292089846616241, 0.8785548736111224, -0.47650555977693004], [-0.4829114669690424, 0.43140095742163065, 0.7620300053183652]], "fy": 75.43692068853098, "fx": 75.43692068853099}, {"id": 62, "img_name": "0055", "width": 401, "height": 300, "position": [0.6154452769890604, -0.885985823551942, -1.676310234959464], "rotation": [[0.8880250918192263, 0.19123065655248542, 0.41814145010266546], [0.024044854136446928, 0.888849909430891, -0.4575671355050028], [-0.45916585379251745, 0.41638524769641155, 0.7847229091926565]], "fy": 75.43692068853098, "fx": 75.43692068853099}, {"id": 63, "img_name": "0056", "width": 401, "height": 300, "position": [0.6619495647915167, -0.9300006814702952, -1.6513510827847322], "rotation": [[0.8964732380370334, 0.1827731106716386, 0.4036455419037966], [0.014628970420257544, 0.8982573102342737, -0.43922636286444744], [-0.44285632738828506, 0.3996595984410996, 0.8025898570665213]], "fy": 75.43692068853098, "fx": 75.43692068853099}, {"id": 64, "img_name": "0058", "width": 401, "height": 300, "position": [0.7388005463317288, -0.9695930171812103, -1.437648658444722], "rotation": [[0.9145018929248764, 0.16431556778436543, 0.3697116200777568], [-0.0004077028186768769, 0.9141860123006671, -0.40529466896594646], [-0.40458141531121966, 0.37049200949211586, 0.8360918306545426]], "fy": 75.43692068853098, "fx": 75.43692068853099}, {"id": 65, "img_name": "0059", "width": 401, "height": 300, "position": [0.7536893968153917, -0.9525800995838364, -1.2393492116436051], "rotation": [[0.9211274480668067, 0.15761690302821438, 0.3559229358972623], [-0.0056395504866832225, 0.9196628586769943, -0.39266833567320764], [-0.3892202716820391, 0.35969033660894095, 0.8480155905771463]], "fy": 75.43692068853098, "fx": 75.43692068853099}, {"id": 66, "img_name": "0060", "width": 401, "height": 300, "position": [0.7719592802777634, -0.9391270642890654, -0.9844926867492966], "rotation": [[0.9286114631796064, 0.14782704737322694, 0.3403350033663075], [-0.00994539190290206, 0.9267990646539952, -0.37542586876289874], [-0.37092026047565596, 0.34524000032063673, 0.8621064334218128]], "fy": 75.43692068853098, "fx": 75.43692068853099}, {"id": 67, "img_name": "0061", "width": 401, "height": 300, "position": [0.7805213609203395, -0.9031136402836772, -0.6937924994448873], "rotation": [[0.934501031305324, 0.13906884304984937, 0.32767007703185536], [-0.01267640431370151, 0.9329417748711804, -0.35980404871803134], [-0.3557346360181437, 0.33208357621687384, 0.8735979436468762]], "fy": 75.43692068853098, "fx": 75.43692068853099}, {"id": 68, "img_name": "0062", "width": 401, "height": 300, "position": [0.7985957721761471, -0.8618477978461205, -0.38678492672845993], "rotation": [[0.9414304397521251, 0.12919139200928823, 0.31147762574352383], [-0.013902791131840321, 0.9377831457970712, -0.3469430556412586], [-0.33692052402141476, 0.32229234506834237, 0.8846537202790048]], "fy": 75.43692068853098, "fx": 75.43692068853099}, {"id": 69, "img_name": "0063", "width": 401, "height": 300, "position": [0.8098820245516728, -0.8436467183712025, -0.09756824939833716], "rotation": [[0.9473313635102261, 0.11948765164286891, 0.2971295825304646], [-0.01642973941248973, 0.9447015296290651, -0.32751959266483927], [-0.3198333181091262, 0.30538782068277864, 0.8969085391532011]], "fy": 75.43692068853098, "fx": 75.43692068853099}, {"id": 70, "img_name": "0064", "width": 401, "height": 300, "position": [0.8313189256440051, -0.8344258492197212, 0.17371616890605285], "rotation": [[0.9541709152633047, 0.10822345500595461, 0.2790081508704747], [-0.017823898196852463, 0.9512166042738658, -0.30800857196961906], [-0.29873093766574577, 0.2889198081479875, 0.909552181758185]], "fy": 75.43692068853098, "fx": 75.43692068853099}, {"id": 71, "img_name": "0066", "width": 401, "height": 300, "position": [0.8906792987191934, -0.8551714623423197, 0.5592729547163032], "rotation": [[0.967600675702221, 0.08633688152038707, 0.23726541102727133], [-0.023959777519522628, 0.9668762125886164, -0.2541187096447397], [-0.25134609891904097, 0.24020060869953513, 0.9376186890941073]], "fy": 75.43692068853098, "fx": 75.43692068853099}, {"id": 72, "img_name": "0067", "width": 401, "height": 300, "position": [0.9352985490372392, -0.8728618007306788, 0.6949850783798124], "rotation": [[0.9737096098006399, 0.0762612119472561, 0.21464813843642205], [-0.024898639529584488, 0.972280376295727, -0.23248855373935146], [-0.22642803168216943, 0.2210318923200342, 0.9486175462460956]], "fy": 75.43692068853098, "fx": 75.43692068853099}, {"id": 73, "img_name": "0068", "width": 401, "height": 300, "position": [0.97770788176695, -0.909914988271544, 0.8068894821672031], "rotation": [[0.9791086147073168, 0.06461436717848985, 0.19279861036854576], [-0.023829623612037547, 0.978096767028168, -0.20678216404601843], [-0.20193679616263016, 0.19786787986727192, 0.9592027066644482]], "fy": 75.43692068853098, "fx": 75.43692068853099}, {"id": 74, "img_name": "0069", "width": 401, "height": 300, "position": [1.030717822008147, -0.9579077738066072, 0.8954828435422454], "rotation": [[0.984019726293023, 0.05207514027258558, 0.17027436105237456], [-0.02135785160388399, 0.9838931186284566, -0.17747724724717856], [-0.1767739246638778, 0.17100441772410505, 0.9692824504125561]], "fy": 75.43692068853098, "fx": 75.43692068853099}, {"id": 75, "img_name": "0070", "width": 401, "height": 300, "position": [1.0667729837626723, -1.0156695337176358, 0.9635266946089234], "rotation": [[0.9887091635001312, 0.029812874650242824, 0.14685156627002655], [-0.007978123297192389, 0.9890917197129248, -0.1470847359313128], [-0.14963468701984134, 0.1442524263241979, 0.9781618976120754]], "fy": 75.43692068853098, "fx": 75.43692068853099}, {"id": 76, "img_name": "0071", "width": 401, "height": 300, "position": [1.1209682777043346, -1.066371348071966, 1.013765833472549], "rotation": [[0.9921039826021862, 0.025445709897250784, 0.12280962320887523], [-0.010632290018510996, 0.9927410422640837, -0.11980057351024238], [-0.1249665639835041, 0.11754887856651662, 0.9851728878901971]], "fy": 75.43692068853098, "fx": 75.43692068853099}, {"id": 77, "img_name": "0072", "width": 401, "height": 300, "position": [1.1789469101758074, -1.1193648960033722, 1.047550369276525], "rotation": [[0.9953161130901236, 0.018497049473976946, 0.09488779786635246], [-0.009925852759931136, 0.9958906115240889, -0.09001870541817694], [-0.09616294749099923, 0.08865522567188919, 0.9914095715146741]], "fy": 75.43692068853098, "fx": 75.43692068853099}, {"id": 78, "img_name": "0074", "width": 401, "height": 300, "position": [1.2593126857752404, -1.1967206658134308, 1.100065379418557], "rotation": [[0.9988948228686529, 0.008487302886439506, 0.04622876308010304], [-0.006633342953787977, 0.9991732184726348, -0.040110824577585524], [-0.046530974709970266, 0.039759843771703184, 0.9981252542721228]], "fy": 75.43692068853098, "fx": 75.43692068853099}, {"id": 79, "img_name": "0075", "width": 401, "height": 300, "position": [1.281502603765259, -1.2134994948841744, 1.117578952071551], "rotation": [[0.9996675041340284, 0.005219992358205562, 0.025251393193692708], [-0.004699758806752278, 0.9997763836792217, -0.020617829770755106], [-0.025353371483898338, 0.0204922989700462, 0.999468494869809]], "fy": 75.43692068853098, "fx": 75.43692068853099}, {"id": 80, "img_name": "0076", "width": 401, "height": 300, "position": [1.284781952620497, -1.2153093587777446, 1.1371513399849098], "rotation": [[0.9999606981660537, 0.0031177828540960885, 0.008299491149044647], [-0.0030748471361819827, 0.9999818509147751, -0.00518103813435356], [-0.008315493872734165, 0.005155314843461726, 0.9999521364998014]], "fy": 75.43692068853098, "fx": 75.43692068853099}, {"id": 81, "img_name": "0077", "width": 401, "height": 300, "position": [1.2809950341454255, -1.2128165941010653, 1.1608714987227797], "rotation": [[0.9999820194547363, -0.0003475509078830368, -0.005986649780444808], [0.00039091732466023447, 0.9999736839734484, 0.0072442076319762395], [0.0059839745046708455, -0.007246417662288864, 0.9999558397650323]], "fy": 75.43692068853098, "fx": 75.43692068853099}, {"id": 82, "img_name": "0078", "width": 401, "height": 300, "position": [1.2807730778032025, -1.2026616977809157, 1.1960259536859077], "rotation": [[0.9998182465144385, -0.0021290228700601545, -0.01894574354339916], [0.0024314877627412564, 0.999869736787985, 0.015956106128542827], [0.01890930469512641, -0.015999272394219784, 0.9996931836712715]], "fy": 75.43692068853098, "fx": 75.43692068853099}, {"id": 83, "img_name": "0079", "width": 401, "height": 300, "position": [1.2795579815360365, -1.1909429117769492, 1.2439921490031514], "rotation": [[0.9995621349192882, -0.004367417811907368, -0.029265407860661764], [0.005031665914073906, 0.9997305146165912, 0.02266231414871212], [0.0291585454665317, -0.02279964486789224, 0.9993147429214553]], "fy": 75.43692068853098, "fx": 75.43692068853099}, {"id": 84, "img_name": "0080", "width": 401, "height": 300, "position": [1.2701913132997926, -1.1847537207963479, 1.302906122289074], "rotation": [[0.9993936341693902, -0.00777968165993569, -0.03393877627389189], [0.008785920723995946, 0.9995231810737853, 0.029600981287324243], [0.03369230741179484, -0.029881215661530937, 0.9989854560362019]], "fy": 75.43692068853098, "fx": 75.43692068853099}, {"id": 85, "img_name": "0082", "width": 401, "height": 300, "position": [1.2602577233508188, -1.1403809306038155, 1.4758189945176459], "rotation": [[0.9989268216290633, -0.011603920233298542, -0.044839202326499655], [0.013219514991169374, 0.9992678075989475, 0.035903942956046646], [0.044389744913164074, -0.03645816412838212, 0.9983488131985393]], "fy": 75.43692068853098, "fx": 75.43692068853099}, {"id": 86, "img_name": "0083", "width": 401, "height": 300, "position": [1.2753951356580182, -1.1119464175259504, 1.5892618881899045], "rotation": [[0.9984480756511053, -0.011215500605646333, -0.05454954422146445], [0.013269858130746997, 0.9992105730652825, 0.03744518046077233], [0.054086514897843135, -0.03811093308638224, 0.9978087019491717]], "fy": 75.43692068853098, "fx": 75.43692068853099}, {"id": 87, "img_name": "0084", "width": 401, "height": 300, "position": [1.250462951556742, -1.0872469959384505, 1.7310124447701822], "rotation": [[0.998763251405389, -0.00809806175443403, -0.04905495936148596], [0.010176853541824583, 0.9990541229814145, 0.04227636462404202], [0.04866620279129982, -0.04272330452642998, 0.9979009569873245]], "fy": 75.43692068853098, "fx": 75.43692068853099}, {"id": 88, "img_name": "0085", "width": 401, "height": 300, "position": [1.2509939949577744, -1.046055390318911, 1.8938803830129718], "rotation": [[0.9986568846562897, -0.008764878588655375, -0.05106470044874722], [0.011169367011147293, 0.998832738958583, 0.046993667925214894], [0.05059320081952167, -0.04750091038939367, 0.9975890895268523]], "fy": 75.43692068853098, "fx": 75.43692068853099}, {"id": 89, "img_name": "0086", "width": 401, "height": 300, "position": [1.2174980175182295, -1.0081427446598497, 2.0890726625902394], "rotation": [[0.9985123436135189, -0.03300344565813891, -0.04340359692615487], [0.03544861397364205, 0.9977544607832886, 0.056828089483961335], [0.04143060968397106, -0.05828214616621182, 0.9974400713924997]], "fy": 75.43692068853098, "fx": 75.43692068853099}, {"id": 90, "img_name": "0087", "width": 401, "height": 300, "position": [1.183042698550117, -0.9301874650490475, 2.2968633059192287], "rotation": [[0.9956245406463796, -0.0848070917817132, -0.039236860809872764], [0.08703673723000799, 0.9944495293874397, 0.059116324931902435], [0.03400559417272102, -0.062272712199066764, 0.9974796884550242]], "fy": 75.43692068853098, "fx": 75.43692068853099}, {"id": 91, "img_name": "0088", "width": 401, "height": 300, "position": [1.116204097940128, -0.8522188461213018, 2.5081908534609245], "rotation": [[0.9870028602229984, -0.15902938495935623, -0.023130253588516864], [0.16029823364613016, 0.9844727782964238, 0.07153897597290011], [0.011394305663395547, -0.0743169126967031, 0.9971695774970671]], "fy": 75.43692068853098, "fx": 75.43692068853099}, {"id": 92, "img_name": "0090", "width": 401, "height": 300, "position": [0.9757253609617151, -0.6439111390000762, 2.9627391327710693], "rotation": [[0.9454284043035628, -0.3258054197444463, -0.003995097140759071], [0.3249048512440322, 0.9417500963619688, 0.08685386370401803], [-0.024535076403229245, -0.08341213621151268, 0.9962130522927914]], "fy": 75.43692068853098, "fx": 75.43692068853099}, {"id": 93, "img_name": "0091", "width": 401, "height": 300, "position": [0.9100793689044383, -0.5117522471793159, 3.1834469774609757], "rotation": [[0.917452389795241, -0.39783249162251055, -0.003228167967482805], [0.39657186025721275, 0.9138362319617229, 0.08737334150719983], [-0.03180993730164981, -0.08144108154626359, 0.9961704061682619]], "fy": 75.43692068853098, "fx": 75.43692068853099}, {"id": 94, "img_name": "0092", "width": 401, "height": 300, "position": [0.8085974455315857, -0.39213409694743584, 3.397151645515678], "rotation": [[0.8927453499462493, -0.4505130269984434, 0.006614578901823976], [0.44807872674059895, 0.8892692098406156, 0.09179175928138078], [-0.04723552468082075, -0.07898281416958365, 0.9957562554531006]], "fy": 75.43692068853098, "fx": 75.43692068853099}, {"id": 95, "img_name": "0093", "width": 401, "height": 300, "position": [0.7122228732112172, -0.2742652612035831, 3.5987576699807735], "rotation": [[0.8790765069433691, -0.47646663848822557, 0.014284164237894208], [0.47311778005304655, 0.8757710194361727, 0.0958367764138795], [-0.05817268377788316, -0.07748976657248023, 0.9952945669190708]], "fy": 75.43692068853098, "fx": 75.43692068853099}, {"id": 96, "img_name": "0094", "width": 401, "height": 300, "position": [0.626023112190226, -0.1603131173844639, 3.7759704868898107], "rotation": [[0.8769448146120662, -0.4792346225403582, 0.036082803156203644], [0.47481739706800186, 0.8755670032458335, 0.08905538876832869], [-0.07427133744976139, -0.06096391872010178, 0.9953728794013391]], "fy": 75.43692068853098, "fx": 75.43692068853099}, {"id": 97, "img_name": "0095", "width": 401, "height": 300, "position": [0.5333018312475288, -0.05037652285511937, 3.9388535572756025], "rotation": [[0.8733814542471051, -0.47807390179931647, 0.09300634277074435], [0.47350447400596996, 0.8781910169049348, 0.06763173015535084], [-0.11401029985725598, -0.015029379423447863, 0.9933658788586435]], "fy": 75.43692068853098, "fx": 75.43692068853099}, {"id": 98, "img_name": "0096", "width": 401, "height": 300, "position": [0.4500778854900391, 0.04761366322999079, 4.079320537918259], "rotation": [[0.8701696911579755, -0.46317323387283954, 0.16815250225259679], [0.46336486921511694, 0.8852406686545213, 0.0405210628852858], [-0.16762370526656223, 0.042655761438187126, 0.9849278041810158]], "fy": 75.43692068853098, "fx": 75.43692068853099}, {"id": 99, "img_name": "0098", "width": 401, "height": 300, "position": [0.3044925457399091, 0.2087079242890303, 4.3330636791737644], "rotation": [[0.8547494988526794, -0.39699670390777875, 0.33436045115631263], [0.430656847746398, 0.9020195779639751, -0.029922574401741363], [-0.28972050962993484, 0.16957092338031152, 0.9419701312906473]], "fy": 75.43692068853098, "fx": 75.43692068853099}, {"id": 100, "img_name": "0099", "width": 401, "height": 300, "position": [0.25854269008960745, 0.2643057187793642, 4.45198533573666], "rotation": [[0.8447006967668967, -0.35652525268981194, 0.39921232079682223], [0.4138671139003972, 0.9080299872771977, -0.064773098097343], [-0.33940351340738184, 0.21993473213623654, 0.9145676403016274]], "fy": 75.43692068853098, "fx": 75.43692068853099}, {"id": 101, "img_name": "0100", "width": 401, "height": 300, "position": [0.23317800005671413, 0.3104111547404601, 4.560833433705919], "rotation": [[0.8387540766913345, -0.32062669490694967, 0.44010239870592915], [0.39658587244529725, 0.9135480966993224, -0.09027469630991858], [-0.37311023117903014, 0.25025666330807533, 0.8933982078890911]], "fy": 75.43692068853098, "fx": 75.43692068853099}, {"id": 102, "img_name": "0101", "widt