[{"id": 0, "img_name": "frame_1", "width": 1080, "height": 1080, "position": [-0.08334619715004907, -0.0024106815151893678, -10.44847545623525], "rotation": [[0.99980067765927, -0.008290231571629685, 0.01816251669106542], [-0.01829318999949872, -0.015968488810176297, 0.9997051398111153], [-0.007997759167836654, -0.9998381266113069, -0.01611696071488839]], "fy": 50.00000000000003, "fx": 50.00000000000003}, {"id": 1, "img_name": "frame_106", "width": 1080, "height": 1080, "position": [-0.0291730770634933, 0.10193656794824746, -3.9149606283275284], "rotation": [[0.99980067765927, -0.008290231571629685, 0.01816251669106542], [-0.01829318999949872, -0.015968488810176297, 0.9997051398111153], [-0.007997759167836654, -0.9998381266113069, -0.01611696071488839]], "fy": 50.00000000000003, "fx": 50.00000000000003}, {"id": 2, "img_name": "frame_113", "width": 1080, "height": 1080, "position": [-0.023938983682256335, 0.1120183806054143, -3.283706112022641], "rotation": [[0.99980067765927, -0.008290231571629685, 0.01816251669106542], [-0.01829318999949872, -0.015968488810176297, 0.9997051398111153], [-0.007997759167836654, -0.9998381266113069, -0.01611696071488839]], "fy": 50.00000000000003, "fx": 50.00000000000003}, {"id": 3, "img_name": "frame_120", "width": 1080, "height": 1080, "position": [-0.018798218813771247, 0.12192042562899068, -2.663707421872065], "rotation": [[0.99980067765927, -0.008290231571629685, 0.01816251669106542], [-0.01829318999949872, -0.015968488810176297, 0.9997051398111153], [-0.007997759167836654, -0.9998381266113069, -0.01611696071488839]], "fy": 50.00000000000003, "fx": 50.00000000000003}, {"id": 4, "img_name": "frame_128", "width": 1080, "height": 1080, "position": [-0.013104365199271828, 0.1328878198379853, -1.9770038139050556], "rotation": [[0.99980067765927, -0.008290231571629685, 0.01816251669106542], [-0.01829318999949872, -0.015968488810176297, 0.9997051398111153], [-0.007997759167836654, -0.9998381266113069, -0.01611696071488839]], "fy": 50.00000000000003, "fx": 50.00000000000003}, {"id": 5, "img_name": "frame_135", "width": 1080, "height": 1080, "position": [-0.008339539233861947, 0.14206573838630013, -1.40234499699244], "rotation": [[0.99980067765927, -0.008290231571629685, 0.01816251669106542], [-0.01829318999949872, -0.015968488810176297, 0.9997051398111153], [-0.007997759167836654, -0.9998381266113069, -0.01611696071488839]], "fy": 50.00000000000003, "fx": 50.00000000000003}, {"id": 6, "img_name": "frame_142", "width": 1080, "height": 1080, "position": [-0.00383229664305123, 0.15074750466197515, -0.858751859787348], "rotation": [[0.99980067765927, -0.008290231571629685, 0.01816251669106542], [-0.01829318999949872, -0.015968488810176297, 0.9997051398111153], [-0.007997759167836654, -0.9998381266113069, -0.01611696071488839]], "fy": 50.00000000000003, "fx": 50.00000000000003}, {"id": 7, "img_name": "frame_15", "width": 1080, "height": 1080, "position": [-0.0819302001460371, 0.00031678539794097237, -10.277700034638643], "rotation": [[0.99980067765927, -0.008290231571629685, 0.01816251669106542], [-0.01829318999949872, -0.015968488810176297, 0.9997051398111153], [-0.007997759167836654, -0.9998381266113069, -0.01611696071488839]], "fy": 50.00000000000003, "fx": 50.00000000000003}, {"id": 8, "img_name": "frame_157", "width": 1080, "height": 1080, "position": [0.004715755488605428, 0.16721260260692075, 0.17218055212973984], "rotation": [[0.99980067765927, -0.008290231571629685, 0.01816251669106542], [-0.01829318999949872, -0.015968488810176297, 0.9997051398111153], [-0.007997759167836654, -0.9998381266113069, -0.01611696071488839]], "fy": 50.00000000000003, "fx": 50.00000000000003}, {"id": 9, "img_name": "frame_164", "width": 1080, "height": 1080, "position": [0.008073289155203861, 0.17367982108225793, 0.5771137729017934], "rotation": [[0.99980067765927, -0.008290231571629685, 0.01816251669106542], [-0.01829318999949872, -0.015968488810176297, 0.9997051398111153], [-0.007997759167836654, -0.9998381266113069, -0.01611696071488839]], "fy": 50.00000000000003, "fx": 50.00000000000003}, {"id": 10, "img_name": "frame_171", "width": 1080, "height": 1080, "position": [0.010956744494881187, 0.17923387876188307, 0.9248710773969213], "rotation": [[0.99980067765927, -0.008290231571629685, 0.01816251669106542], [-0.01829318999949872, -0.015968488810176297, 0.9997051398111153], [-0.007997759167836654, -0.9998381266113069, -0.01611696071488839]], "fy": 50.00000000000003, "fx": 50.00000000000003}, {"id": 11, "img_name": "frame_179", "width": 1080, "height": 1080, "position": [0.01360457983057434, 0.18433408960206035, 1.2442115805831595], "rotation": [[0.99980067765927, -0.008290231571629685, 0.01816251669106542], [-0.01829318999949872, -0.015968488810176297, 0.9997051398111153], [-0.007997759167836654, -0.9998381266113069, -0.01611696071488839]], "fy": 50.00000000000003, "fx": 50.00000000000003}, {"id": 12, "img_name": "frame_186", "width": 1080, "height": 1080, "position": [0.015296186301698881, 0.18759243030967265, 1.448226707354853], "rotation": [[0.99980067765927, -0.008290231571629685, 0.01816251669106542], [-0.01829318999949872, -0.015968488810176297, 0.9997051398111153], [-0.007997759167836654, -0.9998381266113069, -0.01611696071488839]], "fy": 50.00000000000003, "fx": 50.00000000000003}, {"id": 13, "img_name": "frame_193", "width": 1080, "height": 1080, "position": [0.016349463537145476, 0.1896212331968924, 1.575256541056379], "rotation": [[0.99980067765927, -0.008290231571629685, 0.01816251669106542], [-0.01829318999949872, -0.015968488810176297, 0.9997051398111153], [-0.007997759167836654, -0.9998381266113069, -0.01611696071488839]], "fy": 50.00000000000003, "fx": 50.00000000000003}, {"id": 14, "img_name": "frame_20", "width": 1080, "height": 1080, "position": [-0.08078399365997542, 0.002524586867499819, -10.139462527539871], "rotation": [[0.99980067765927, -0.008290231571629685, 0.01816251669106542], [-0.01829318999949872, -0.015968488810176297, 0.9997051398111153], [-0.007997759167836654, -0.9998381266113069, -0.01611696071488839]], "fy": 50.00000000000003, "fx": 50.00000000000003}, {"id": 15, "img_name": "frame_207", "width": 1080, "height": 1080, "position": [0.016712183305710872, 0.19031989722280301, 1.6190021289514611], "rotation": [[0.99980067765927, -0.008290231571629685, 0.01816251669106542], [-0.01829318999949872, -0.015968488810176297, 0.9997051398111153], [-0.007997759167836654, -0.9998381266113069, -0.01611696071488839]], "fy": 50.00000000000003, "fx": 50.00000000000003}, {"id": 16, "img_name": "frame_214", "width": 1080, "height": 1080, "position": [0.016712183305710872, 0.19031989722280301, 1.6190021289514611], "rotation": [[0.99980067765927, -0.008290231571629685, 0.01816251669106542], [-0.01829318999949872, -0.015968488810176297, 0.9997051398111153], [-0.007997759167836654, -0.9998381266113069, -0.01611696071488839]], "fy": 50.00000000000003, "fx": 50.00000000000003}, {"id": 17, "img_name": "frame_221", "width": 1080, "height": 1080, "position": [0.016712183305710872, 0.19031989722280301, 1.6190021289514611], "rotation": [[0.99980067765927, -0.008290231571629685, 0.01816251669106542], [-0.01829318999949872, -0.015968488810176297, 0.9997051398111153], [-0.007997759167836654, -0.9998381266113069, -0.01611696071488839]], "fy": 50.00000000000003, "fx": 50.00000000000003}, {"id": 18, "img_name": "frame_229", "width": 1080, "height": 1080, "position": [0.016712183305710872, 0.19031989722280301, 1.6190021289514611], "rotation": [[0.99980067765927, -0.008290231571629685, 0.01816251669106542], [-0.01829318999949872, -0.015968488810176297, 0.9997051398111153], [-0.007997759167836654, -0.9998381266113069, -0.01611696071488839]], "fy": 50.00000000000003, "fx": 50.00000000000003}, {"id": 19, "img_name": "frame_236", "width": 1080, "height": 1080, "position": [0.016712183305710872, 0.19031989722280301, 1.6190021289514611], "rotation": [[0.99980067765927, -0.008290231571629685, 0.01816251669106542], [-0.01829318999949872, -0.015968488810176297, 0.9997051398111153], [-0.007997759167836654, -0.9998381266113069, -0.01611696071488839]], "fy": 50.00000000000003, "fx": 50.00000000000003}, {"id": 20, "img_name": "frame_243", "width": 1080, "height": 1080, "position": [0.016712183305710872, 0.19031989722280301, 1.6190021289514611], "rotation": [[0.99980067765927, -0.008290231571629685, 0.01816251669106542], [-0.01829318999949872, -0.015968488810176297, 0.9997051398111153], [-0.007997759167836654, -0.9998381266113069, -0.01611696071488839]], "fy": 50.00000000000003, "fx": 50.00000000000003}, {"id": 21, "img_name": "frame_250", "width": 1080, "height": 1080, "position": [0.016712183305710872, 0.19031989722280301, 1.6190021289514611], "rotation": [[0.99980067765927, -0.008290231571629685, 0.01816251669106542], [-0.01829318999949872, -0.015968488810176297, 0.9997051398111153], [-0.007997759167836654, -0.9998381266113069, -0.01611696071488839]], "fy": 50.00000000000003, "fx": 50.00000000000003}, {"id": 22, "img_name": "frame_32", "width": 1080, "height": 1080, "position": [-0.07681833236883989, 0.010163169385406323, -9.661186459875758], "rotation": [[0.99980067765927, -0.008290231571629685, 0.01816251669106542], [-0.01829318999949872, -0.015968488810176297, 0.9997051398111153], [-0.007997759167836654, -0.9998381266113069, -0.01611696071488839]], "fy": 50.00000000000003, "fx": 50.00000000000003}, {"id": 23, "img_name": "frame_4", "width": 1080, "height": 1080, "position": [-0.08327866255257128, -0.002280597638182329, -10.44033048889143], "rotation": [[0.99980067765927, -0.008290231571629685, 0.01816251669106542], [-0.01829318999949872, -0.015968488810176297, 0.9997051398111153], [-0.007997759167836654, -0.9998381266113069, -0.01611696071488839]], "fy": 50.00000000000003, "fx": 50.00000000000003}, {"id": 24, "img_name": "frame_47", "width": 1080, "height": 1080, "position": [-0.0697786530591454, 0.023722867846517937, -8.81217039655659], "rotation": [[0.99980067765927, -0.008290231571629685, 0.01816251669106542], [-0.01829318999949872, -0.015968488810176297, 0.9997051398111153], [-0.007997759167836654, -0.9998381266113069, -0.01611696071488839]], "fy": 50.00000000000003, "fx": 50.00000000000003}, {"id": 25, "img_name": "frame_54", "width": 1080, "height": 1080, "position": [-0.06583452820485482, 0.0313199672830656, -8.336491717214248], "rotation": [[0.99980067765927, -0.008290231571629685, 0.01816251669106542], [-0.01829318999949872, -0.015968488810176297, 0.9997051398111153], [-0.007997759167836654, -0.9998381266113069, -0.01611696071488839]], "fy": 50.00000000000003, "fx": 50.00000000000003}, {"id": 26, "img_name": "frame_61", "width": 1080, "height": 1080, "position": [-0.061543250852243936, 0.03958574536109089, -7.8189449307424495], "rotation": [[0.99980067765927, -0.008290231571629685, 0.01816251669106542], [-0.01829318999949872, -0.015968488810176297, 0.9997051398111153], [-0.007997759167836654, -0.9998381266113069, -0.01611696071488839]], "fy": 50.00000000000003, "fx": 50.00000000000003}, {"id": 27, "img_name": "frame_69", "width": 1080, "height": 1080, "position": [-0.05628088496801229, 0.04972201598409443, -7.184280627125281], "rotation": [[0.99980067765927, -0.008290231571629685, 0.01816251669106542], [-0.01829318999949872, -0.015968488810176297, 0.9997051398111153], [-0.007997759167836654, -0.9998381266113069, -0.01611696071488839]], "fy": 50.00000000000003, "fx": 50.00000000000003}, {"id": 28, "img_name": "frame_76", "width": 1080, "height": 1080, "position": [-0.051421678967787265, 0.05908172758810715, -6.5982391659060795], "rotation": [[0.99980067765927, -0.008290231571629685, 0.01816251669106542], [-0.01829318999949872, -0.015968488810176297, 0.9997051398111153], [-0.007997759167836654, -0.9998381266113069, -0.01611696071488839]], "fy": 50.00000000000003, "fx": 50.00000000000003}, {"id": 29, "img_name": "frame_83", "width": 1080, "height": 1080, "position": [-0.04637956742490832, 0.06879374842328578, -5.990138497590693], "rotation": [[0.99980067765927, -0.008290231571629685, 0.01816251669106542], [-0.01829318999949872, -0.015968488810176297, 0.9997051398111153], [-0.007997759167836654, -0.9998381266113069, -0.01611696071488839]], "fy": 50.00000000000003, "fx": 50.00000000000003}, {"id": 30, "img_name": "frame_90", "width": 1080, "height": 1080, "position": [-0.041206798336031046, 0.07875743937686971, -5.366279958715253], "rotation": [[0.99980067765927, -0.008290231571629685, 0.01816251669106542], [-0.01829318999949872, -0.015968488810176297, 0.9997051398111153], [-0.007997759167836654, -0.9998381266113069, -0.01611696071488839]], "fy": 50.00000000000003, "fx": 50.00000000000003}, {"id": 31, "img_name": "frame_98", "width": 1080, "height": 1080, "position": [-0.03520212903075149, 0.09032352094910216, -4.64209062127182], "rotation": [[0.99980067765927, -0.008290231571629685, 0.01816251669106542], [-0.01829318999949872, -0.015968488810176297, 0.9997051398111153], [-0.007997759167836654, -0.9998381266113069, -0.01611696071488839]], "fy": 50.00000000000003, "fx": 50.00000000000003}, {"id": 32, "img_name": "frame_10", "width": 1080, "height": 1080, "position": [-0.08275072732117598, -0.0012636986815978805, -10.376659194770195], "rotation": [[0.99980067765927, -0.008290231571629685, 0.01816251669106542], [-0.01829318999949872, -0.015968488810176297, 0.9997051398111153], [-0.007997759167836654, -0.9998381266113069, -0.01611696071488839]], "fy": 50.00000000000003, "fx": 50.00000000000003}, {"id": 33, "img_name": "frame_100", "width": 1080, "height": 1080, "position": [-0.03369410012765964, 0.09322825798284834, -4.460215750791375], "rotation": [[0.99980067765927, -0.008290231571629685, 0.01816251669106542], [-0.01829318999949872, -0.015968488810176297, 0.9997051398111153], [-0.007997759167836654, -0.9998381266113069, -0.01611696071488839]], "fy": 50.00000000000003, "fx": 50.00000000000003}, {"id": 34, "img_name": "frame_101", "width": 1080, "height": 1080, "position": [-0.03293990581049763, 0.09468097295350296, -4.369256622972474], "rotation": [[0.99980067765927, -0.008290231571629685, 0.01816251669106542], [-0.01829318999949872, -0.015968488810176297, 0.9997051398111153], [-0.007997759167836654, -0.9998381266113069, -0.01611696071488839]], "fy": 50.00000000000003, "fx": 50.00000000000003}, {"id": 35, "img_name": "frame_102", "width": 1080, "height": 1080, "position": [-0.03218578264896397, 0.09613355086551874, -4.278306076833049], "rotation": [[0.99980067765927, -0.008290231571629685, 0.01816251669106542], [-0.01829318999949872, -0.015968488810176297, 0.9997051398111153], [-0.007997759167836654, -0.9998381266113069, -0.01611696071488839]], "fy": 50.00000000000003, "fx": 50.00000000000003}, {"id": 36, "img_name": "frame_103", "width": 1080, "height": 1080, "position": [-0.031431872954315335, 0.09758571760161797, -4.187381275732057], "rotation": [[0.99980067765927, -0.008290231571629685, 0.01816251669106542], [-0.01829318999949872, -0.015968488810176297, 0.9997051398111153], [-0.007997759167836654, -0.9998381266113069, -0.01611696071488839]], "fy": 50.00000000000003, "fx": 50.00000000000003}, {"id": 37, "img_name": "frame_104", "width": 1080, "height": 1080, "position": [-0.030678358568713034, 0.09903712290083468, -4.09650415062816], "rotation": [[0.99980067765927, -0.008290231571629685, 0.01816251669106542], [-0.01829318999949872, -0.015968488810176297, 0.9997051398111153], [-0.007997759167836654, -0.9998381266113069, -0.01611696071488839]], "fy": 50.00000000000003, "fx": 50.00000000000003}, {"id": 38, "img_name": "frame_105", "width": 1080, "height": 1080, "position": [-0.029925373897232842, 0.10048750787462885, -4.005690911360371], "rotation": [[0.99980067765927, -0.008290231571629685, 0.01816251669106542], [-0.01829318999949872, -0.015968488810176297, 0.9997051398111153], [-0.007997759167836654, -0.9998381266113069, -0.01611696071488839]], "fy": 50.00000000000003, "fx": 50.00000000000003}, {"id": 39, "img_name": "frame_107", "width": 1080, "height": 1080, "position": [-0.028421620261477237, 0.10338400996849074, -3.8243316567885146], "rotation": [[0.99980067765927, -0.008290231571629685, 0.01816251669106542], [-0.01829318999949872, -0.015968488810176297, 0.9997051398111153], [-0.007997759167836654, -0.9998381266113069, -0.01611696071488839]], "fy": 50.00000000000003, "fx": 50.00000000000003}, {"id": 40, "img_name": "frame_108", "width": 1080, "height": 1080, "position": [-0.02767114975553181, 0.10482955220371218, -3.733821636862254], "rotation": [[0.99980067765927, -0.008290231571629685, 0.01816251669106542], [-0.01829318999949872, -0.015968488810176297, 0.9997051398111153], [-0.007997759167836654, -0.9998381266113069, -0.01611696071488839]], "fy": 50.00000000000003, "fx": 50.00000000000003}, {"id": 41, "img_name": "frame_109", "width": 1080, "height": 1080, "position": [-0.026921821692730323, 0.10627289388634319, -3.6434494005676], "rotation": [[0.99980067765927, -0.008290231571629685, 0.01816251669106542], [-0.01829318999949872, -0.015968488810176297, 0.9997051398111153], [-0.007997759167836654, -0.9998381266113069, -0.01611696071488839]], "fy": 50.00000000000003, "fx": 50.00000000000003}, {"id": 42, "img_name": "frame_11", "width": 1080, "height": 1080, "position": [-0.0826135946129985, -0.0009995562270571393, -10.360120391377714], "rotation": [[0.99980067765927, -0.008290231571629685, 0.01816251669106542], [-0.01829318999949872, -0.015968488810176297, 0.9997051398111153], [-0.007997759167836654, -0.9998381266113069, -0.01611696071488839]], "fy": 50.00000000000003, "fx": 50.00000000000003}, {"id": 43, "img_name": "frame_110", "width": 1080, "height": 1080, "position": [-0.026173788267055617, 0.10771374186318398, -3.5532333031634344], "rotation": [[0.99980067765927, -0.008290231571629685, 0.01816251669106542], [-0.01829318999949872, -0.015968488810176297, 0.9997051398111153], [-0.007997759167836654, -0.9998381266113069, -0.01611696071488839]], "fy": 50.00000000000003, "fx": 50.00000000000003}, {"id": 44, "img_name": "frame_111", "width": 1080, "height": 1080, "position": [-0.025427203649035772, 0.1091517991738504, -3.4631919382886243], "rotation": [[0.99980067765927, -0.008290231571629685, 0.01816251669106542], [-0.01829318999949872, -0.015968488810176297, 0.9997051398111153], [-0.007997759167836654, -0.9998381266113069, -0.01611696071488839]], "fy": 50.00000000000003, "fx": 50.00000000000003}, {"id": 45, "img_name": "frame_112", "width": 1080, "height": 1080, "position": [-0.024682223985744094, 0.11058676505077386, -3.373344137962022], "rotation": [[0.99980067765927, -0.008290231571629685, 0.01816251669106542], [-0.01829318999949872, -0.015968488810176297, 0.9997051398111153], [-0.007997759167836654, -0.9998381266113069, -0.01611696071488839]], "fy": 50.00000000000003, "fx": 50.00000000000003}, {"id": 46, "img_name": "frame_114", "width": 1080, "height": 1080, "position": [-0.0231976566745529, 0.1134463108055434, -3.194298837909203], "rotation": [[0.99980067765927, -0.008290231571629685, 0.01816251669106542], [-0.01829318999949872, -0.015968488810176297, 0.9997051398111153], [-0.007997759167836654, -0.9998381266113069, -0.01611696071488839]], "fy": 50.00000000000003, "fx": 50.00000000000003}, {"id": 47, "img_name": "frame_115", "width": 1080, "height": 1080, "position": [-0.022458385273890453, 0.1148702815338835, -3.105139478980662], "rotation": [[0.99980067765927, -0.008290231571629685, 0.01816251669106542], [-0.01829318999949872, -0.015968488810176297, 0.9997051398111153], [-0.007997759167836654, -0.9998381266113069, -0.01611696071488839]], "fy": 50.00000000000003, "fx": 50.00000000000003}, {"id": 48, "img_name": "frame_116", "width": 1080, "height": 1080, "position": [-0.021721327603887553, 0.11628998821568155, -3.0162471056358573], "rotation": [[0.99980067765927, -0.008290231571629685, 0.01816251669106542], [-0.01829318999949872, -0.015968488810176297, 0.9997051398111153], [-0.007997759167836654, -0.9998381266113069, -0.01611696071488839]], "fy": 50.00000000000003, "fx": 50.00000000000003}, {"id": 49, "img_name": "frame_117", "width": 1080, "height": 1080, "position": [-0.020986625975800872, 0.11770515673365992, -2.927638881233742], "rotation": [[0.99980067765927, -0.008290231571629685, 0.01816251669106542], [-0.01829318999949872, -0.015968488810176297, 0.9997051398111153], [-0.007997759167836654, -0.9998381266113069, -0.01611696071488839]], "fy": 50.00000000000003, "fx": 50.00000000000003}, {"id": 50, "img_name": "frame_118", "width": 1080, "height": 1080, "position": [-0.020254442466339426, 0.11911547489869669, -2.8393343529331263], "rotation": [[0.99980067765927, -0.008290231571629685, 0.01816251669106542], [-0.01829318999949872, -0.015968488810176297, 0.9997051398111153], [-0.007997759167836654, -0.9998381266113069, -0.01611696071488839]], "fy": 50.00000000000003, "fx": 50.00000000000003}, {"id": 51, "img_name": "frame_119", "width": 1080, "height": 1080, "position": [-0.019524919386759876, 0.12052066859351424, -2.751350684092964], "rotation": [[0.99980067765927, -0.008290231571629685, 0.01816251669106542], [-0.01829318999949872, -0.015968488810176297, 0.9997051398111153], [-0.007997759167836654, -0.9998381266113069, -0.01611696071488839]], "fy": 50.00000000000003, "fx": 50.00000000000003}, {"id": 52, "img_name": "frame_12", "width": 1080, "height": 1080, "position": [-0.08246281583654112, -0.0007091289713323376, -10.341935812565492], "rotation": [[0.99980067765927, -0.008290231571629685, 0.01816251669106542], [-0.01829318999949872, -0.015968488810176297, 0.9997051398111153], [-0.007997759167836654, -0.9998381266113069, -0.01611696071488839]], "fy": 50.00000000000003, "fx": 50.00000000000003}, {"id": 53, "img_name": "frame_121", "width": 1080, "height": 1080, "position": [-0.018074483058630207, 0.12331447188784836, -2.576421729629383], "rotation": [[0.99980067765927, -0.008290231571629685, 0.01816251669106542], [-0.01829318999949872, -0.015968488810176297, 0.9997051398111153], [-0.007997759167836654, -0.9998381266113069, -0.01611696071488839]], "fy": 50.00000000000003, "fx": 50.00000000000003}, {"id": 54, "img_name": "frame_122", "width": 1080, "height": 1080, "position": [-0.01735387815113623, 0.1247024875665966, -2.4895136312836987], "rotation": [[0.99980067765927, -0.008290231571629685, 0.01816251669106542], [-0.01829318999949872, -0.015968488810176297, 0.9997051398111153], [-0.007997759167836654, -0.9998381266113069, -0.01611696071488839]], "fy": 50.00000000000003, "fx": 50.00000000000003}, {"id": 55, "img_name": "frame_123", "width": 1080, "height": 1080, "position": [-0.016636558261817397, 0.12608417570485123, -2.4030017204738794], "rotation": [[0.99980067765927, -0.008290231571629685, 0.01816251669106542], [-0.01829318999949872, -0.015968488810176297, 0.9997051398111153], [-0.007997759167836654, -0.9998381266113069, -0.01611696071488839]], "fy": 50.00000000000003, "fx": 50.00000000000003}, {"id": 56, "img_name": "frame_124", "width": 1080, "height": 1080, "position": [-0.0159226419833876, 0.1274593078715475, -2.3169002999990536], "rotation": [[0.99980067765927, -0.008290231571629685, 0.01816251669106542], [-0.01829318999949872, -0.015968488810176297, 0.9997051398111153], [-0.007997759167836654, -0.9998381266113069, -0.01611696071488839]], "fy": 50.00000000000003, "fx": 50.00000000000003}, {"id": 57, "img_name": "frame_125", "width": 1080, "height": 1080, "position": [-0.01521232301727955, 0.128827510962613, -2.2312327310977977], "rotation": [[0.99980067765927, -0.008290231571629685, 0.01816251669106542], [-0.01829318999949872, -0.015968488810176297, 0.9997051398111153], [-0.007997759167836654, -0.9998381266113069, -0.01611696071488839]], "fy": 50.00000000000003, "fx": 50.00000000000003}, {"id": 58, "img_name": "frame_126", "width": 1080, "height": 1080, "position": [-0.014505735768569013, 0.13018852608950762, -2.146015223609125], "rotation": [[0.99980067765927, -0.008290231571629685, 0.01816251669106542], [-0.01829318999949872, -0.015968488810176297, 0.9997051398111153], [-0.007997759167836654, -0.9998381266113069, -0.01611696071488839]], "fy": 50.00000000000003, "fx": 50.00000000000003}, {"id": 59, "img_name": "frame_127", "width": 1080, "height": 1080, "position": [-0.013803026501603128, 0.1315420715205849, -2.0612654176519607], "rotation": [[0.99980067765927, -0.008290231571629685, 0.01816251669106542], [-0.01829318999949872, -0.015968488810176297, 0.9997051398111153], [-0.007997759167836654, -0.9998381266113069, -0.01611696071488839]], "fy": 50.00000000000003, "fx": 50.00000000000003}, {"id": 60, "img_name": "frame_129", "width": 1080, "height": 1080, "position": [-0.012409886266650875, 0.13422551215316883, -1.8932466222074227], "rotation": [[0.99980067765927, -0.008290231571629685, 0.01816251669106542], [-0.01829318999949872, -0.015968488810176297, 0.9997051398111153], [-0.007997759167836654, -0.9998381266113069, -0.01611696071488839]], "fy": 50.00000000000003, "fx": 50.00000000000003}, {"id": 61, "img_name": "frame_13", "width": 1080, "height": 1080, "position": [-0.08229855702160338, -0.0003927367179141666, -10.322125482252309], "rotation": [[0.99980067765927, -0.008290231571629685, 0.01816251669106542], [-0.01829318999949872, -0.015968488810176297, 0.9997051398111153], [-0.007997759167836654, -0.9998381266113069, -0.01611696071488839]], "fy": 50.00000000000003, "fx": 50.00000000000003}, {"id": 62, "img_name": "frame_130", "width": 1080, "height": 1080, "position": [-0.011719751780449263, 0.13555483627701367, -1.810013389717871], "rotation": [[0.99980067765927, -0.008290231571629685, 0.01816251669106542], [-0.01829318999949872, -0.015968488810176297, 0.9997051398111153], [-0.007997759167836654, -0.9998381266113069, -0.01611696071488839]], "fy": 50.00000000000003, "fx": 50.00000000000003}, {"id": 63, "img_name": "frame_131", "width": 1080, "height": 1080, "position": [-0.01103411591119507, 0.13687549524913556, -1.7273227100752675], "rotation": [[0.99980067765927, -0.008290231571629685, 0.01816251669106542], [-0.01829318999949872, -0.015968488810176297, 0.9997051398111153], [-0.007997759167836654, -0.9998381266113069, -0.01611696071488839]], "fy": 50.00000000000003, "fx": 50.00000000000003}, {"id": 64, "img_name": "frame_132", "width": 1080, "height": 1080, "position": [-0.010353120970144982, 0.1381872149522569, -1.6451917466385673], "rotation": [[0.99980067765927, -0.008290231571629685, 0.01816251669106542], [-0.01829318999949872, -0.015968488810176297, 0.9997051398111153], [-0.007997759167836654, -0.9998381266113069, -0.01611696071488839]], "fy": 50.00000000000003, "fx": 50.00000000000003}, {"id": 65, "img_name": "frame_133", "width": 1080, "height": 1080, "position": [-0.009676913221646146, 0.13948971365473106, -1.563638139526695], "rotation": [[0.99980067765927, -0.008290231571629685, 0.01816251669106542], [-0.01829318999949872, -0.015968488810176297, 0.9997051398111153], [-0.007997759167836654, -0.9998381266113069, -0.01611696071488839]], "fy": 50.00000000000003, "fx": 50.00000000000003}, {"id": 66, "img_name": "frame_134", "width": 1080, "height": 1080, "position": [-0.00900568241404081, 0.14078262586685453, -1.482684773218257], "rotation": [[0.99980067765927, -0.008290231571629685, 0.01816251669106542], [-0.01829318999949872, -0.015968488810176297, 0.9997051398111153], [-0.007997759167836654, -0.9998381266113069, -0.01611696071488839]], "fy": 50.00000000000003, "fx": 50.00000000000003}, {"id": 67, "img_name": "frame_136", "width": 1080, "height": 1080, "position": [-0.007678661570180416, 0.1433387085664708, -1.3226402650479372], "rotation": [[0.99980067765927, -0.008290231571629685, 0.01816251669106542], [-0.01829318999949872, -0.015968488810176297, 0.9997051398111153], [-0.007997759167836654, -0.9998381266113069, -0.01611696071488839]], "fy": 50.00000000000003, "fx": 50.00000000000003}, {"id": 68, "img_name": "frame_137", "width": 1080, "height": 1080, "position": [-0.007023187781162436, 0.14460126990445762, -1.2435872639837315], "rotation": [[0.99980067765927, -0.008290231571629685, 0.01816251669106542], [-0.01829318999949872, -0.015968488810176297, 0.9997051398111153], [-0.007997759167836654, -0.9998381266113069, -0.01611696071488839]], "fy": 50.00000000000003, "fx": 50.00000000000003}, {"id": 69, "img_name": "frame_138", "width": 1080, "height": 1080, "position": [-0.006373275990426549, 0.1458531178255076, -1.165205064198662], "rotation": [[0.99980067765927, -0.008290231571629685, 0.01816251669106542], [-0.01829318999949872, -0.015968488810176297, 0.9997051398111153], [-0.007997759167836654, -0.9998381266113069, -0.01611696071488839]], "fy": 50.00000000000003, "fx": 50.00000000000003}, {"id": 70, "img_name": "frame_139", "width": 1080, "height": 1080, "position": [-0.005729084321591289, 0.14709394775486778, -1.0875127360915662], "rotation": [[0.99980067765927, -0.008290231571629685, 0.01816251669106542], [-0.01829318999949872, -0.015968488810176297, 0.9997051398111153], [-0.007997759167836654, -0.9998381266113069, -0.01611696071488839]], "fy": 50.00000000000003, "fx": 50.00000000000003}, {"id": 71, "img_name": "frame_14", "width": 1080, "height": 1080, "position": [-0.08212096838562281, -5.0668812817925566e-05, -10.30070751731706], "rotation": [[0.99980067765927, -0.008290231571629685, 0.01816251669106542], [-0.01829318999949872, -0.015968488810176297, 0.9997051398111153], [-0.007997759167836654, -0.9998381266113069, -0.01611696071488839]], "fy": 50.00000000000003, "fx": 50.00000000000003}, {"id": 72, "img_name": "frame_140", "width": 1080, "height": 1080, "position": [-0.005090739273551489, 0.14832351603273572, -1.010525535981515], "rotation": [[0.99980067765927, -0.008290231571629685, 0.01816251669106542], [-0.01829318999949872, -0.015968488810176297, 0.9997051398111153], [-0.007997759167836654, -0.9998381266113069, -0.01611696071488839]], "fy": 50.00000000000003, "fx": 50.00000000000003}, {"id": 73, "img_name": "frame_141", "width": 1080, "height": 1080, "position": [-0.004458442453920787, 0.1495414343263013, -0.9342677786270275], "rotation": [[0.99980067765927, -0.008290231571629685, 0.01816251669106542], [-0.01829318999949872, -0.015968488810176297, 0.9997051398111153], [-0.007997759167836654, -0.9998381266113069, -0.01611696071488839]], "fy": 50.00000000000003, "fx": 50.00000000000003}, {"id": 74, "img_name": "frame_143", "width": 1080, "height": 1080, "position": [-0.003212467870742286, 0.15194140723626656, -0.7839978033812571], "rotation": [[0.99980067765927, -0.008290231571629685, 0.01816251669106542], [-0.01829318999949872, -0.015968488810176297, 0.9997051398111153], [-0.007997759167836654, -0.9998381266113069, -0.01611696071488839]], "fy": 50.00000000000003, "fx": 50.00000000000003}, {"id": 75, "img_name": "frame_144", "width": 1080, "height": 1080, "position": [-0.0025991379791552717, 0.15312279178820962, -0.7100275403674186], "rotation": [[0.99980067765927, -0.008290231571629685, 0.01816251669106542], [-0.01829318999949872, -0.015968488810176297, 0.9997051398111153], [-0.007997759167836654, -0.9998381266113069, -0.01611696071488839]], "fy": 50.00000000000003, "fx": 50.00000000000003}, {"id": 76, "img_name": "frame_145", "width": 1080, "height": 1080, "position": [-0.0019924176548231664, 0.15429144511547718, -0.6368544200250192], "rotation": [[0.99980067765927, -0.008290231571629685, 0.01816251669106542], [-0.01829318999949872, -0.015968488810176297, 0.9997051398111153], [-0.007997759167836654, -0.9998381266113069, -0.01611696071488839]], "fy": 50.00000000000003, "fx": 50.00000000000003}, {"id": 77, "img_name": "frame_146", "width": 1080, "height": 1080, "position": [-0.0013924808337263614, 0.155447032185841, -0.5644994197927813], "rotation": [[0.99980067765927, -0.008290231571629685, 0.01816251669106542], [-0.01829318999949872, -0.015968488810176297, 0.9997051398111153], [-0.007997759167836654, -0.9998381266113069, -0.01611696071488839]], "fy": 50.00000000000003, "fx": 50.00000000000003}, {"id": 78, "img_name": "frame_147", "width": 1080, "height": 1080, "position": [-0.0007994777333024683, 0.15658926365328568, -0.492980656549601], "rotation": [[0.99980067765927, -0.008290231571629685, 0.01816251669106542], [-0.01829318999949872, -0.015968488810176297, 0.9997051398111153], [-0.007997759167836654, -0.9998381266113069, -0.01611696071488839]], "fy": 50.00000000000003, "fx": 50.00000000000003}, {"id": 79, "img_name": "frame_148", "width": 1080, "height": 1080, "position": [-0.00021355857098909802, 0.1577178501717959, -0.42231624717437466], "rotation": [[0.99980067765927, -0.008290231571629685, 0.01816251669106542], [-0.01829318999949872, -0.015968488810176297, 0.9997051398111153], [-0.007997759167836654, -0.9998381266113069, -0.01611696071488839]], "fy": 50.00000000000003, "fx": 50.00000000000003}, {"id": 80, "img_name": "frame_149", "width": 1080, "height": 1080, "position": [0.00036512643577613763, 0.1588325023953563, -0.35252430854599864], "rotation": [[0.99980067765927, -0.008290231571629685, 0.01816251669106542], [-0.01829318999949872, -0.015968488810176297, 0.9997051398111153], [-0.007997759167836654, -0.9998381266113069, -0.01611696071488839]], "fy": 50.00000000000003, "fx": 50.00000000000003}, {"id": 81, "img_name": "frame_150", "width": 1080, "height": 1080, "position": [0.0009364112571937712, 0.15993290052047615, -0.2836248645832532], "rotation": [[0.99980067765927, -0.008290231571629685, 0.01816251669106542], [-0.01829318999949872, -0.015968488810176297, 0.9997051398111153], [-0.007997759167836654, -0.9998381266113069, -0.01611696071488839]], "fy": 50.00000000000003, "fx": 50.00000000000003}, {"id": 82, "img_name": "frame_151", "width": 1080, "height": 1080, "position": [0.0015001614881880484, 0.16101878565861552, -0.2156341251251507], "rotation": [[0.99980067765927, -0.008290231571629685, 0.01816251669106542], [-0.01829318999949872, -0.015968488810176297, 0.9997051398111153], [-0.007997759167836654, -0.9998381266113069, -0.01611696071488839]], "fy": 50.00000000000003, "fx": 50.00000000000003}, {"id": 83, "img_name": "frame_152", "width": 1080, "height": 1080, "position": [0.002056219005140429, 0.16208985323502137, -0.14857116057052955], "rotation": [[0.99980067765927, -0.008290231571629685, 0.01816251669106542], [-0.01829318999949872, -0.015968488810176297, 0.9997051398111153], [-0.007997759167836654, -0.9998381266113069, -0.01611696071488839]], "fy": 50.00000000000003, "fx": 50.00000000000003}, {"id": 84, "img_name": "frame_153", "width": 1080, "height": 1080, "position": [0.0026044335906133006, 0.1631458139036783, -0.08245408779828606], "rotation": [[0.99980067765927, -0.008290231571629685, 0.01816251669106542], [-0.01829318999949872, -0.015968488810176297, 0.9997051398111153], [-0.007997759167836654, -0.9998381266113069, -0.01611696071488839]], "fy": 50.00000000000003, "fx": 50.00000000000003}, {"id": 85, "img_name": "frame_154", "width": 1080, "height": 1080, "position": [0.003144647120988126, 0.16418636308983336, -0.01730197720725844], "rotation": [[0.99980067765927, -0.008290231571629685, 0.01816251669106542], [-0.01829318999949872, -0.015968488810176297, 0.9997051398111153], [-0.007997759167836654, -0.9998381266113069, -0.01611696071488839]], "fy": 50.00000000000003, "fx": 50.00000000000003}, {"id": 86, "img_name": "frame_155", "width": 1080, "height": 1080, "position": [0.0036767014726463666, 0.16521119621873354, 0.04686610080371501], "rotation": [[0.99980067765927, -0.008290231571629685, 0.01816251669106542], [-0.01829318999949872, -0.015968488810176297, 0.9997051398111153], [-0.007997759167836654, -0.9998381266113069, -0.01611696071488839]], "fy": 50.00000000000003, "fx": 50.00000000000003}, {"id": 87, "img_name": "frame_156", "width": 1080, "height": 1080, "position": [0.004200462240512265, 0.16622005440183876, 0.1100339363956218], "rotation": [[0.99980067765927, -0.008290231571629685, 0.01816251669106542], [-0.01829318999949872, -0.015968488810176297, 0.9997051398111153], [-0.007997759167836654, -0.9998381266113069, -0.01611696071488839]], "fy": 50.00000000000003, "fx": 50.00000000000003}, {"id": 88, "img_name": "frame_158", "width": 1080, "height": 1080, "position": [0.005222446811850097, 0.16818858194543945, 0.23328973816705656], "rotation": [[0.99980067765927, -0.008290231571629685, 0.01816251669106542], [-0.01829318999949872, -0.015968488810176297, 0.9997051398111153], [-0.007997759167836654, -0.9998381266113069, -0.01611696071488839]], "fy": 50.00000000000003, "fx": 50.00000000000003}, {"id": 89, "img_name": "frame_159", "width": 1080, "height": 1080, "position": [0.005720378086627736, 0.16914768784264184, 0.29334242410873373], "rotation": [[0.99980067765927, -0.008290231571629685, 0.01816251669106542], [-0.01829318999949872, -0.015968488810176297, 0.9997051398111153], [-0.007997759167836654, -0.9998381266113069, -0.01611696071488839]], "fy": 50.00000000000003, "fx": 50.00000000000003}, {"id": 90, "img_name": "frame_16", "width": 1080, "height": 1080, "position": [-0.08172640252028378, 0.0007093365683472278, -10.253121151095954], "rotation": [[0.99980067765927, -0.008290231571629685, 0.01816251669106542], [-0.01829318999949872, -0.015968488810176297, 0.9997051398111153], [-0.007997759167836654, -0.9998381266113069, -0.01611696071488839]], "fy": 50.00000000000003, "fx": 50.00000000000003}, {"id": 91, "img_name": "frame_160", "width": 1080, "height": 1080, "position": [0.006209399095500732, 0.1700896309525126, 0.35232049307587504], "rotation": [[0.99980067765927, -0.008290231571629685, 0.01816251669106542], [-0.01829318999949872, -0.015968488810176297, 0.9997051398111153], [-0.007997759167836654, -0.9998381266113069, -0.01611696071488839]], "fy": 50.00000000000003, "fx": 50.00000000000003}, {"id": 92, "img_name": "frame_161", "width": 1080, "height": 1080, "position": [0.006689359621031475, 0.17101412192903637, 0.4102058281895841], "rotation": [[0.99980067765927, -0.008290231571629685, 0.01816251669106542], [-0.01829318999949872, -0.015968488810176297, 0.9997051398111153], [-0.007997759167836654, -0.9998381266113069, -0.01611696071488839]], "fy": 50.00000000000003, "fx": 50.00000000000003}, {"id": 93, "img_name": "frame_162", "width": 1080, "height": 1080, "position": [0.00716008572723957, 0.1719208257399848, 0.4669774520111389], "rotation": [[0.99980067765927, -0.008290231571629685, 0.01816251669106542], [-0.01829318999949872, -0.015968488810176297, 0.9997051398111153], [-0.007997759167836654, -0.9998381266113069, -0.01611696071488839]], "fy": 50.00000000000003, "fx": 50.00000000000003}, {"id": 94, "img_name": "frame_163", "width": 1080, "height": 1080, "position": [0.007621443009049261, 0.1728094834968179, 0.5226191547015269], "rotation": [[0.99980067765927, -0.008290231571629685, 0.01816251669106542], [-0.01829318999949872, -0.015968488810176297, 0.9997051398111153], [-0.007997759167836654, -0.9998381266113069, -0.01611696071488839]], "fy": 50.00000000000003, "fx": 50.00000000000003}, {"id": 95, "img_name": "frame_165", "width": 1080, "height": 1080, "position": [0.008515458135903911, 0.1745315186928143, 0.6304412826931587], "rotation": [[0.99980067765927, -0.008290231571629685, 0.01816251669106542], [-0.01829318999949872, -0.015968488810176297, 0.9997051398111153], [-0.007997759167836654, -0.9998381266113069, -0.01611696071488839]], "fy": 50.00000000000003, "fx": 50.00000000000003}, {"id": 96, "img_name": "frame_166", "width": 1080, "height": 1080, "position": [0.00894778392134994, 0.1753642565249963, 0.6825816601568423], "rotation": [[0.99980067765927, -0.008290231571629685, 0.01816251669106542], [-0.01829318999949872, -0.015968488810176297, 0.9997051398111153], [-0.007997759167836654, -0.9998381266113069, -0.01611696071488839]], "fy": 50.00000000000003, "fx": 50.00000000000003}, {"id": 97, "img_name": "frame_167", "width": 1080, "height": 1080, "position": [0.009370147918828044, 0.17617780614773917, 0.7335206024937155], "rotation": [[0.99980067765927, -0.008290231571629685, 0.01816251669106542], [-0.01829318999949872, -0.015968488810176297, 0.9997051398111153], [-0.007997759167836654, -0.9998381266113069, -0.01611696071488839]], "fy": 50.0