[{"id": 0, "img_name": "0216", "width": 424, "height": 308, "position": [-2.0960120100649746, -2.1408990396122523, -6.808446297533796], "rotation": [[0.99890631631571, 0.0013988466605439382, 0.04673558015686479], [-0.0036559436272308706, 0.9988288632359863, 0.048244544177576405], [-0.04661335968124331, -0.04836264255319282, 0.9977415745094014]], "fy": 58.013789760374294, "fx": 58.0137897603743}, {"id": 1, "img_name": "0224", "width": 424, "height": 308, "position": [-0.60206915638308, -0.905831613329165, -2.783344406726072], "rotation": [[0.9998268839017196, -0.004561457198558816, 0.0180387176817864], [0.0037621229569379127, 0.9990200186397789, 0.04410043976915571], [-0.01822220234314058, -0.04402494139918606, 0.9988642329548917]], "fy": 58.013789760374294, "fx": 58.0137897603743}, {"id": 2, "img_name": "0232", "width": 424, "height": 308, "position": [0.42502925525396523, -0.03142543093305872, -0.18780423521050496], "rotation": [[0.9999877551663068, 0.004913972164476696, -0.0005851452958092068], [-0.004881120646827582, 0.9988875496151688, 0.046902429415063854], [0.0008149715832916583, -0.04689899893783109, 0.9988993040942353]], "fy": 58.013789760374294, "fx": 58.0137897603743}, {"id": 3, "img_name": "0240", "width": 424, "height": 308, "position": [0.39690113730025556, 0.5737528247768522, 1.891902840144009], "rotation": [[0.9996133847107714, -0.0016476749478817508, -0.0277554728718737], [0.002930585553516584, 0.998925836195004, 0.04624484241972908], [0.02764946247920046, -0.046308303244430984, 0.9985444648463249]], "fy": 58.013789760374294, "fx": 58.0137897603743}, {"id": 4, "img_name": "0248", "width": 424, "height": 308, "position": [0.2790658389005432, 1.300887727043924, 4.238193961033499], "rotation": [[0.991262422293734, -0.03262043466327701, -0.12780734482312814], [0.034678144392490395, 0.9993017597765405, 0.013907523467632835], [0.12726443513351515, -0.01821812695882992, 0.9917014991418835]], "fy": 58.013789760374294, "fx": 58.0137897603743}, {"id": 5, "img_name": "0217", "width": 424, "height": 308, "position": [-1.8522824184150413, -2.0453093372565987, -6.188032791449105], "rotation": [[0.9994858056243812, -0.0043419162376492374, 0.031769043403401316], [0.0028358178644523305, 0.9988766979560658, 0.047300110120654854], [-0.031938730288187916, -0.047185697449244744, 0.9983753940596728]], "fy": 58.013789760374294, "fx": 58.0137897603743}, {"id": 6, "img_name": "0218", "width": 424, "height": 308, "position": [-1.6541329871880976, -1.9191551511627274, -5.608114072004466], "rotation": [[0.9997094160484115, -0.004576279982238485, 0.023667300768533912], [0.003397965744487752, 0.9987639134629773, 0.04958930321064828], [-0.02386498047230231, -0.04949447267768884, 0.9984892387409161]], "fy": 58.013789760374294, "fx": 58.0137897603743}, {"id": 7, "img_name": "0219", "width": 424, "height": 308, "position": [-1.4276084157730868, -1.7360661932192103, -5.0791241718632705], "rotation": [[0.9998785589478034, -0.008715064385995048, 0.012919559172505896], [0.008157463676574096, 0.9990588523311956, 0.042601236660923525], [-0.013278672479931673, -0.04249067228725149, 0.9990086183941299]], "fy": 58.013789760374294, "fx": 58.0137897603743}, {"id": 8, "img_name": "0220", "width": 424, "height": 308, "position": [-1.2402964234888656, -1.5531084677931362, -4.562845804198178], "rotation": [[0.9999002167505529, -0.010947536090274726, 0.008927933453475104], [0.010504469303386731, 0.9987801203592351, 0.04824859894179312], [-0.009445245727441577, -0.048150001336904724, 0.9987954568901505]], "fy": 58.013789760374294, "fx": 58.0137897603743}, {"id": 9, "img_name": "0221", "width": 424, "height": 308, "position": [-1.067705586584906, -1.353744971910417, -4.07690987769191], "rotation": [[0.9998441411559115, -0.014311681265557758, 0.010337754860284412], [0.013844928991710956, 0.9989403439874495, 0.0438919935233118], [-0.010954968617606005, -0.04374202708596214, 0.9989827945109957]], "fy": 58.013789760374294, "fx": 58.0137897603743}, {"id": 10, "img_name": "0222", "width": 424, "height": 308, "position": [-0.904485411645434, -1.19591055135433, -3.6162549449603816], "rotation": [[0.9998536090264352, -0.007938431565990762, 0.015157236591287686], [0.007286791490029135, 0.9990667595858258, 0.042573613429666333], [-0.015481058962261847, -0.04245693341434244, 0.9989783509258131]], "fy": 58.013789760374294, "fx": 58.0137897603743}, {"id": 11, "img_name": "0223", "width": 424, "height": 308, "position": [-0.7709046650837652, -1.0254328931308059, -3.1820042662881693], "rotation": [[0.9997995750005079, -0.004335889402641415, 0.019545073340667508], [0.0035863966180199906, 0.999262907292127, 0.03822015004398171], [-0.019696385153176323, -0.03814239338550062, 0.99907818024353]], "fy": 58.013789760374294, "fx": 58.0137897603743}, {"id": 12, "img_name": "0225", "width": 424, "height": 308, "position": [-0.43417252784109717, -0.7548782632806552, -2.4110455465894503], "rotation": [[0.9998764151585043, -0.005808160553858625, 0.014608890469811089], [0.0052229244528979556, 0.9991946424689273, 0.03978426223460558], [-0.014828198472426016, -0.0397030443715988, 0.9991014927411975]], "fy": 58.013789760374294, "fx": 58.0137897603743}, {"id": 13, "img_name": "0226", "width": 424, "height": 308, "position": [-0.2840149288618694, -0.6243844455087272, -2.0415204040037915], "rotation": [[0.9999286068074953, -0.004657830982096206, 0.011003903787450656], [0.004195166259110954, 0.9991213360184978, 0.04170079726660306], [-0.011188470319023206, -0.041651656907668595, 0.9990695459319966]], "fy": 58.013789760374294, "fx": 58.0137897603743}, {"id": 14, "img_name": "0227", "width": 424, "height": 308, "position": [-0.16970125414438844, -0.4963829734409405, -1.6912130970003039], "rotation": [[0.9998897296751258, -0.0038998332107812693, 0.014328984302170517], [0.0033270433890159926, 0.999202810181975, 0.039782846890736925], [-0.014472707849306108, -0.03973078687079201, 0.9991056026777834]], "fy": 58.013789760374294, "fx": 58.0137897603743}, {"id": 15, "img_name": "0228", "width": 424, "height": 308, "position": [-0.036321865423882334, -0.3776312946608784, -1.3557773302466474], "rotation": [[0.9999485690817178, -0.0023206809206881528, 0.009872873517323185], [0.001921538827168217, 0.9991879023371248, 0.040247279556164736], [-0.009958256873589496, -0.04022623849181955, 0.9991409724642658]], "fy": 58.013789760374294, "fx": 58.0137897603743}, {"id": 16, "img_name": "0229", "width": 424, "height": 308, "position": [0.09119432357167537, -0.31193493223383134, -1.0390842735179582], "rotation": [[0.9999800289808763, 0.0016738190382716886, 0.006094257069820263], [-0.0019503668193378626, 0.9989551801746607, 0.045658997705613616], [-0.006011464769584942, -0.045669971885674766, 0.9989384945827676]], "fy": 58.013789760374294, "fx": 58.0137897603743}, {"id": 17, "img_name": "0230", "width": 424, "height": 308, "position": [0.20088441553118483, -0.20049027912690714, -0.7384862920067047], "rotation": [[0.999979912273232, 0.001485280528026085, 0.006161898390274244], [-0.001758108224563247, 0.9990073875711313, 0.044510095863457985], [-0.006089672034660062, -0.04452003504105274, 0.9989899310676029]], "fy": 58.013789760374294, "fx": 58.0137897603743}, {"id": 18, "img_name": "0231", "width": 424, "height": 308, "position": [0.3330002516914416, -0.10965238857263007, -0.4562408258767054], "rotation": [[0.9999857501123575, 0.0053380700327460605, -6.767976888728068e-05], [-0.005329576494248185, 0.9989668520664858, 0.045131187517811436], [0.00030852328530498634, -0.045130183698954746, 0.9989810665536564]], "fy": 58.013789760374294, "fx": 58.0137897603743}, {"id": 19, "img_name": "0233", "width": 424, "height": 308, "position": [0.503331725548811, 0.0681561486007614, 0.07626195494109148], "rotation": [[0.9999928198163035, 0.003592276672355888, -0.0012065919555734293], [-0.0035332836462663784, 0.9989455704931253, 0.04577404394238877], [0.0013697527196663514, -0.045769452044720396, 0.9989510904128456]], "fy": 58.013789760374294, "fx": 58.0137897603743}, {"id": 20, "img_name": "0234", "width": 424, "height": 308, "position": [0.5560863950824331, 0.15558473003218196, 0.3355733613110137], "rotation": [[0.9999918171320764, 0.0023672148369113136, -0.003280543065297136], [-0.00222048023068412, 0.9990276254869884, 0.04403263541255416], [0.003381587856688509, -0.044024990718291857, 0.9990247069296243]], "fy": 58.013789760374294, "fx": 58.0137897603743}, {"id": 21, "img_name": "0235", "width": 424, "height": 308, "position": [0.5770785697510064, 0.24349376582169754, 0.5990477306640735], "rotation": [[0.9999703648800653, 0.0027038564116009262, -0.007208226004694046], [-0.0024000526972843606, 0.9991219720409071, 0.04182732040352258], [0.0073149920491796154, -0.041808780723600655, 0.9990988523393101]], "fy": 58.013789760374294, "fx": 58.0137897603743}, {"id": 22, "img_name": "0236", "width": 424, "height": 308, "position": [0.5872889858671798, 0.29575846285010404, 0.8476384298703126], "rotation": [[0.9998872912563465, 0.002726165269977278, -0.014763902159205741], [-0.002039451717810819, 0.9989241109351373, 0.04632991721486299], [0.014874320849590032, -0.04629458516247996, 0.9988170833360317]], "fy": 58.013789760374294, "fx": 58.0137897603743}, {"id": 23, "img_name": "0237", "width": 424, "height": 308, "position": [0.5634945664889062, 0.3764856528725704, 1.1091250500462917], "rotation": [[0.9998352785172648, 0.0027193774358601677, -0.017944938524974502], [-0.0019289243073007747, 0.9990331889665428, 0.04392000221262232], [0.018047024223413782, -0.04387815321662227, 0.9988738722115911]], "fy": 58.013789760374294, "fx": 58.0137897603743}, {"id": 24, "img_name": "0238", "width": 424, "height": 308, "position": [0.503188453170462, 0.47338484734422376, 1.3651155436839293], "rotation": [[0.9998122773739339, 0.0023908748754567608, -0.019227421295574712], [-0.0016334997498952222, 0.9992257267133732, 0.03931003374074355], [0.01930651938891893, -0.03927124637010154, 0.9990420549294328]], "fy": 58.013789760374294, "fx": 58.0137897603743}, {"id": 25, "img_name": "0239", "width": 424, "height": 308, "position": [0.45149257143567767, 0.5159898944607322, 1.6247563268542258], "rotation": [[0.9997554183233254, 0.001255835051384987, -0.02208000025987944], [-0.00028708897277536136, 0.9990392737359763, 0.04382290625933526], [0.022113821765454157, -0.04380584905485212, 0.9987952875717371]], "fy": 58.013789760374294, "fx": 58.0137897603743}, {"id": 26, "img_name": "0241", "width": 424, "height": 308, "position": [0.34082121451798636, 0.6730097270289318, 2.1640017243280347], "rotation": [[0.9993747971761061, -0.004012352047774756, -0.035127137661097124], [0.0053909043359140025, 0.9992153379569421, 0.03923833001078392], [0.034942136735723155, -0.039403165134781745, 0.9986122559120247]], "fy": 58.013789760374294, "fx": 58.0137897603743}, {"id": 27, "img_name": "0242", "width": 424, "height": 308, "position": [0.2915811748058079, 0.7622541251297619, 2.4327112268653908], "rotation": [[0.9989096952317738, -0.00682398087051244, -0.04618283292570589], [0.00840409230963862, 0.9993828500113576, 0.03410704231719718], [0.04592158538656801, -0.034457980037356895, 0.9983505674898621]], "fy": 58.013789760374294, "fx": 58.0137897603743}, {"id": 28, "img_name": "0243", "width": 424, "height": 308, "position": [0.2533692962341804, 0.8755115784501873, 2.7133163472302293], "rotation": [[0.9983865209551208, -0.010807207650141185, -0.05574548446230448], [0.012189085017840294, 0.9996253000375352, 0.024508890862206145], [0.055459723958546356, -0.025148832729858465, 0.9981441555360465]], "fy": 58.013789760374294, "fx": 58.0137897603743}, {"id": 29, "img_name": "0244", "width": 424, "height": 308, "position": [0.23589386087794034, 0.9846480239560729, 3.0041322619694126], "rotation": [[0.9974282981839312, -0.015108399263551666, -0.07006087534137426], [0.016286347270976827, 0.9997349444127973, 0.016272547818661026], [0.06979645316544111, -0.017371735423801955, 0.9974099848777782]], "fy": 58.013789760374294, "fx": 58.0137897603743}, {"id": 30, "img_name": "0245", "width": 424, "height": 308, "position": [0.21013057999555101, 1.0382338701057372, 3.3002298380024646], "rotation": [[0.9963696934744165, -0.017085569255968623, -0.08339974369802611], [0.018642876615397083, 0.9996654259536344, 0.017929843960320952], [0.08306549871757844, -0.019419564262307145, 0.9963548581939379]], "fy": 58.013789760374294, "fx": 58.0137897603743}, {"id": 31, "img_name": "0246", "width": 424, "height": 308, "position": [0.22095221204998114, 1.1431144370172737, 3.611451714165931], "rotation": [[0.9947257187059899, -0.019862219511666793, -0.10062920441363944], [0.021231759794184832, 0.9996957206767436, 0.012557007471846455], [0.1003491749886052, -0.014627313378619266, 0.9948447541111275]], "fy": 58.013789760374294, "fx": 58.0137897603743}, {"id": 32, "img_name": "0247", "width": 424, "height": 308, "position": [0.2239719794723252, 1.1966088346976365, 3.908197447600659], "rotation": [[0.993558629936781, -0.027017053044315724, -0.11005147760456144], [0.02912516466850793, 0.9994209355705347, 0.01759313293160949], [0.10951243610284156, -0.020685076459071052, 0.9937701715943698]], "fy": 58.013789760374294, "fx": 58.0137897603743}, {"id": 33, "img_name": "0249", "width": 424, "height": 308, "position": [0.37287310837148413, 1.4167003504851343, 4.57756893446429], "rotation": [[0.9881141037587603, -0.04057896530147218, -0.14826957047244732], [0.042715782468779925, 0.999023871739448, 0.011254582302477762], [0.14766814104979445, -0.017454262224032516, 0.988882939912057]], "fy": 58.013789760374294, "fx": 58.0137897603743}, {"id": 34, "img_name": "0250", "width": 424, "height": 308, "position": [0.4840179806311455, 1.5100315309524277, 4.933532135191016], "rotation": [[0.984663987004825, -0.044893509978573165, -0.16858649251219734], [0.047615405339371905, 0.9987920207972812, 0.01213558264157351], [0.16783803463496808, -0.019976785364189585, 0.9856121560615942]], "fy": 58.013789760374294, "fx": 58.0137897603743}, {"id": 35, "img_name": "0251", "width": 424, "height": 308, "position": [0.5859491048589679, 1.6301261248700143, 5.294944733226305], "rotation": [[0.9813637171841978, -0.05132404192085661, -0.18517855522527427], [0.053950546202276836, 0.9985015076397005, 0.009169395057543588], [0.18443045615865564, -0.01898899581735342, 0.9826621112462609]], "fy": 58.013789760374294, "fx": 58.0137897603743}, {"id": 36, "img_name": "0252", "width": 424, "height": 308, "position": [0.7310907198463643, 1.7897630048753053, 5.694202918328669], "rotation": [[0.9762509720458739, -0.05876422318174843, -0.2085205161448924], [0.06056448220306267, 0.9981617426517153, 0.0022536641200334674], [0.20800476695249456, -0.014829078876878357, 0.9780153962718079]], "fy": 58.013789760374294, "fx": 58.0137897603743}]