[{"id": 0, "img_name": "Camera", "width": 1080, "height": 1080, "position": [0.009721096512105794, 3.0419162347236943, -0.1644739544668033], "rotation": [[0.9998006776747126, 0.014454575515920252, 0.01377207928528239], [-0.00829023257106323, -0.32695957169983947, 0.9450019632348787], [0.018162515384803613, -0.9449277769864276, -0.3267745695649903]], "fy": 50.00000000000003, "fx": 50.00000000000003}, {"id": 1, "img_name": "Camera", "width": 1080, "height": 1080, "position": [-0.030278902886651658, -5.364495301558352, -0.044474120416627454], "rotation": [[0.9998006776794612, 0.018293188701861945, 0.007997759611801075], [-0.008290235056742267, 0.01596865735234233, 0.9998381238905963], [0.018162513988819042, -0.9997051371426884, 0.01611712927677875]], "fy": 50.00000000000003, "fx": 50.00000000000003}, {"id": 2, "img_name": "Camera", "width": 1080, "height": 1080, "position": [-0.00027890581301913463, -1.0080358015727233, -0.16447396456159766], "rotation": [[0.9998006776794612, 0.018293188701861945, 0.007997759611801075], [-0.008290235056742267, 0.01596865735234233, 0.9998381238905963], [0.018162513988819042, -0.9997051371426884, 0.01611712927677875]], "fy": 50.00000000000003, "fx": 50.00000000000003}, {"id": 3, "img_name": "Camera", "width": 1080, "height": 1080, "position": [-0.0002789036832892924, 1.621917597556256, -0.16447399267229826], "rotation": [[0.999800677635964, 0.01829319175711212, 0.007997758061152436], [-0.008290232036583314, 0.01596857375915874, 0.9998381252507217], [0.018162517761775517, -0.9997051384220428, 0.01611704566964295]], "fy": 50.00000000000003, "fx": 50.00000000000003}, {"id": 4, "img_name": "Camera", "width": 1080, "height": 1080, "position": [-0.00027890908288657524, -10.337511751488186, -0.16447431928314163], "rotation": [[0.9998006776794612, 0.018293188701861945, 0.007997759611801075], [-0.008290235056742267, 0.01596865735234233, 0.9998381238905963], [0.018162513988819042, -0.9997051371426884, 0.01611712927677875]], "fy": 50.00000000000003, "fx": 50.00000000000003}, {"id": 5, "img_name": "Camera", "width": 1080, "height": 1080, "position": [-0.0002789045307136491, -10.138451513436957, -0.1644743102273611], "rotation": [[0.9998006776794612, 0.018293188701861945, 0.007997759611801075], [-0.008290235056742267, 0.01596865735234233, 0.9998381238905963], [0.018162513988819042, -0.9997051371426884, 0.01611712927677875]], "fy": 50.00000000000003, "fx": 50.00000000000003}, {"id": 6, "img_name": "Camera", "width": 1080, "height": 1080, "position": [-0.00027889895561019934, -9.238519841131511, -0.1644742747863745], "rotation": [[0.9998006776794612, 0.018293188701861945, 0.007997759611801075], [-0.008290235056742267, 0.01596865735234233, 0.9998381238905963], [0.018162513988819042, -0.9997051371426884, 0.01611712927677875]], "fy": 50.00000000000003, "fx": 50.00000000000003}, {"id": 7, "img_name": "Camera", "width": 1080, "height": 1080, "position": [-0.00027890848721133656, -8.612581190712136, -0.16447426112902422], "rotation": [[0.9998006776794612, 0.018293188701861945, 0.007997759611801075], [-0.008290235056742267, 0.01596865735234233, 0.9998381238905963], [0.018162513988819042, -0.9997051371426884, 0.01611712927677875]], "fy": 50.00000000000003, "fx": 50.00000000000003}, {"id": 8, "img_name": "Camera", "width": 1080, "height": 1080, "position": [-0.00027890403843362397, -7.8938302372825, -0.1644742269747267], "rotation": [[0.9998006776794612, 0.018293188701861945, 0.007997759611801075], [-0.008290235056742267, 0.01596865735234233, 0.9998381238905963], [0.018162513988819042, -0.9997051371426884, 0.01611712927677875]], "fy": 50.00000000000003, "fx": 50.00000000000003}, {"id": 9, "img_name": "Camera", "width": 1080, "height": 1080, "position": [-0.00027890472399519096, -7.1006463059622975, -0.16447419117949225], "rotation": [[0.9998006776794612, 0.018293188701861945, 0.007997759611801075], [-0.008290235056742267, 0.01596865735234233, 0.9998381238905963], [0.018162513988819042, -0.9997051371426884, 0.01611712927677875]], "fy": 50.00000000000003, "fx": 50.00000000000003}, {"id": 10, "img_name": "Camera", "width": 1080, "height": 1080, "position": [-0.00027890382529577274, -6.251408722295615, -0.1644741590910352], "rotation": [[0.9998006776794612, 0.018293188701861945, 0.007997759611801075], [-0.008290235056742267, 0.01596865735234233, 0.9998381238905963], [0.018162513988819042, -0.9997051371426884, 0.01611712927677875]], "fy": 50.00000000000003, "fx": 50.00000000000003}, {"id": 11, "img_name": "Camera", "width": 1080, "height": 1080, "position": [-0.00027890571223358805, -4.458284654258123, -0.16447409644716265], "rotation": [[0.9998006776794612, 0.018293188701861945, 0.007997759611801075], [-0.008290235056742267, 0.01596865735234233, 0.9998381238905963], [0.018162513988819042, -0.9997051371426884, 0.01611712927677875]], "fy": 50.00000000000003, "fx": 50.00000000000003}, {"id": 12, "img_name": "Camera", "width": 1080, "height": 1080, "position": [-0.00027890576262775367, -3.5511553903318145, -0.16447406510997686], "rotation": [[0.9998006776794612, 0.018293188701861945, 0.007997759611801075], [-0.008290235056742267, 0.01596865735234233, 0.9998381238905963], [0.018162513988819042, -0.9997051371426884, 0.01611712927677875]], "fy": 50.00000000000003, "fx": 50.00000000000003}, {"id": 13, "img_name": "Camera", "width": 1080, "height": 1080, "position": [-0.020278905805209073, -2.6614855125872396, -0.02447403011012148], "rotation": [[0.9998006776794612, 0.018293188701861945, 0.007997759611801075], [-0.008290235056742267, 0.01596865735234233, 0.9998381238905963], [0.018162513988819042, -0.9997051371426884, 0.01611712927677875]], "fy": 50.00000000000003, "fx": 50.00000000000003}, {"id": 14, "img_name": "Camera", "width": 1080, "height": 1080, "position": [-0.000278908904846841, -9.753269723644443, -0.1644743013298169], "rotation": [[0.9998006776794612, 0.018293188701861945, 0.007997759611801075], [-0.008290235056742267, 0.01596865735234233, 0.9998381238905963], [0.018162513988819042, -0.9997051371426884, 0.01611712927677875]], "fy": 50.00000000000003, "fx": 50.00000000000003}, {"id": 15, "img_name": "Camera", "width": 1080, "height": 1080, "position": [-0.0002789036832892924, 1.621917597556256, -0.16447399267229826], "rotation": [[0.999800677635964, 0.01829319175711212, 0.007997758061152436], [-0.008290232036583314, 0.01596857375915874, 0.9998381252507217], [0.018162517761775517, -0.9997051384220428, 0.01611704566964295]], "fy": 50.00000000000003, "fx": 50.00000000000003}, {"id": 16, "img_name": "Camera", "width": 1080, "height": 1080, "position": [-0.0002789033421247466, -10.375685884537686, -0.16447431728285375], "rotation": [[0.9998006776794612, 0.018293188701861945, 0.007997759611801075], [-0.008290235056742267, 0.01596865735234233, 0.9998381238905963], [0.018162513988819042, -0.9997051371426884, 0.01611712927677875]], "fy": 50.00000000000003, "fx": 50.00000000000003}, {"id": 17, "img_name": "Camera", "width": 1080, "height": 1080, "position": [-0.0002789044243636705, -1.807653069097212, -0.16447400348109978], "rotation": [[0.9998006776794612, 0.018293188701861945, 0.007997759611801075], [-0.008290235056742267, 0.01596865735234233, 0.9998381238905963], [0.018162513988819042, -0.9997051371426884, 0.01611712927677875]], "fy": 50.00000000000003, "fx": 50.00000000000003}, {"id": 18, "img_name": "Camera", "width": 1080, "height": 1080, "position": [-0.00027890489482053436, -0.281017299166663, -0.1644739349673047], "rotation": [[0.9998006776794612, 0.018293188701861945, 0.007997759611801075], [-0.008290235056742267, 0.01596865735234233, 0.9998381238905963], [0.018162513988819042, -0.9997051371426884, 0.01611712927677875]], "fy": 50.00000000000003, "fx": 50.00000000000003}, {"id": 19, "img_name": "Camera", "width": 1080, "height": 1080, "position": [-0.00027890489482053436, -0.281017299166663, -0.1644739349673047], "rotation": [[0.9998006776794612, 0.018293188701861945, 0.007997759611801075], [-0.008290235056742267, 0.01596865735234233, 0.9998381238905963], [0.018162513988819042, -0.9997051371426884, 0.01611712927677875]], "fy": 50.00000000000003, "fx": 50.00000000000003}, {"id": 20, "img_name": "Camera", "width": 1080, "height": 1080, "position": [0.0, 0.0, -0.0], "rotation": [[0.9998006777489807, 0.016816840690825587, 0.010760977737083677], [-0.008290229597762766, -0.14063733383938484, 0.9900264705672094], [0.01816251265367752, -0.989918347238664, -0.1404698862189907]], "fy": 50.00000000000003, "fx": 50.00000000000003}, {"id": 21, "img_name": "Camera", "width": 1080, "height": 1080, "position": [-0.00027890498410952603, 0.8817263171378469, -0.16447389365102488], "rotation": [[0.9998006776794612, 0.018293188701861945, 0.007997759611801075], [-0.008290235056742267, 0.01596865735234233, 0.9998381238905963], [0.018162513988819042, -0.9997051371426884, 0.01611712927677875]], "fy": 50.00000000000003, "fx": 50.00000000000003}, {"id": 22, "img_name": "Camera", "width": 1080, "height": 1080, "position": [-0.000278905371406607, 1.2806911106232424, -0.16447387853345946], "rotation": [[0.9998006776794612, 0.018293188701861945, 0.007997759611801075], [-0.008290235056742267, 0.01596865735234233, 0.9998381238905963], [0.018162513988819042, -0.9997051371426884, 0.01611712927677875]], "fy": 50.00000000000003, "fx": 50.00000000000003}, {"id": 23, "img_name": "Camera", "width": 1080, "height": 1080, "position": [-0.00027890550192869075, 1.5335502691517784, -0.16447386962445684], "rotation": [[0.9998006776794612, 0.018293188701861945, 0.007997759611801075], [-0.008290235056742267, 0.01596865735234233, 0.9998381238905963], [0.018162513988819042, -0.9997051371426884, 0.01611712927677875]], "fy": 50.00000000000003, "fx": 50.00000000000003}, {"id": 24, "img_name": "Camera", "width": 1080, "height": 1080, "position": [-0.00027890611581318607, 1.6219177307884167, -0.1644738700825851], "rotation": [[0.9998006776794612, 0.018293188701861945, 0.007997759611801075], [-0.008290235056742267, 0.01596865735234233, 0.9998381238905963], [0.018162513988819042, -0.9997051371426884, 0.01611712927677875]], "fy": 50.00000000000003, "fx": 50.00000000000003}, {"id": 25, "img_name": "Camera", "width": 1080, "height": 1080, "position": [-0.0002789036832892924, 1.621917597556256, -0.16447399267229826], "rotation": [[0.999800677635964, 0.01829319175711212, 0.007997758061152436], [-0.008290232036583314, 0.01596857375915874, 0.9998381252507217], [0.018162517761775517, -0.9997051384220428, 0.01611704566964295]], "fy": 50.00000000000003, "fx": 50.00000000000003}, {"id": 26, "img_name": "Camera", "width": 1080, "height": 1080, "position": [-0.00027890611581318607, 1.6219177307884167, -0.1644738700825851], "rotation": [[0.9998006776794612, 0.018293188701861945, 0.007997759611801075], [-0.008290235056742267, 0.01596865735234233, 0.9998381238905963], [0.018162513988819042, -0.9997051371426884, 0.01611712927677875]], "fy": 50.00000000000003, "fx": 50.00000000000003}, {"id": 27, "img_name": "Camera", "width": 1080, "height": 1080, "position": [-0.00027890611581318607, 1.6219177307884167, -0.1644738700825851], "rotation": [[0.9998006776794612, 0.018293188701861945, 0.007997759611801075], [-0.008290235056742267, 0.01596865735234233, 0.9998381238905963], [0.018162513988819042, -0.9997051371426884, 0.01611712927677875]], "fy": 50.00000000000003, "fx": 50.00000000000003}, {"id": 28, "img_name": "Camera", "width": 1080, "height": 1080, "position": [-0.00027890611581318607, 1.6219177307884167, -0.1644738700825851], "rotation": [[0.9998006776794612, 0.018293188701861945, 0.007997759611801075], [-0.008290235056742267, 0.01596865735234233, 0.9998381238905963], [0.018162513988819042, -0.9997051371426884, 0.01611712927677875]], "fy": 50.00000000000003, "fx": 50.00000000000003}, {"id": 29, "img_name": "Camera", "width": 1080, "height": 1080, "position": [-0.00027890439802328296, 1.9319174137784274, -0.16447390260403896], "rotation": [[0.9998006776802728, 0.016816842780519484, 0.010760980855044894], [-0.008290232391022709, -0.14063733387153912, 0.9900264705392516], [0.018162515160907396, -0.9899183471985961, -0.1404698861771778]], "fy": 50.00000000000003, "fx": 50.00000000000003}]