[{"id": 0, "img_name": "Camera", "width": 1080, "height": 1080, "position": [0.009721100107655617, 3.0419159934596998, -0.16447417191877883], "rotation": [[0.9998006776750246, 0.014454572312915184, 0.013772082624364133], [-0.00829023501010652, -0.3269596634729247, 0.9450019314610679], [0.01816251425433194, -0.9449277452805172, -0.32677466131118355]], "fy": 50.00000000000003, "fx": 50.00000000000003}, {"id": 1, "img_name": "Camera", "width": 1080, "height": 1080, "position": [-0.00027890740289802734, 1.5335502691723477, -0.16447386961041333], "rotation": [[0.9998006777821309, 0.018293182781669647, 0.007997760318248384], [-0.008290235668112166, 0.015968657371296196, 0.9998381238852244], [0.018162508058054205, -0.9997051372507169, 0.01611712925947245]], "fy": 50.00000000000003, "fx": 50.00000000000003}, {"id": 2, "img_name": "Camera", "width": 1080, "height": 1080, "position": [-0.0002789032076069644, -10.37568588459433, -0.16447431745858962], "rotation": [[0.9998006777821309, 0.018293182781669647, 0.007997760318248384], [-0.008290235668112166, 0.015968657371296196, 0.9998381238852244], [0.018162508058054205, -0.9997051372507169, 0.01611712925947245]], "fy": 50.00000000000003, "fx": 50.00000000000003}, {"id": 3, "img_name": "Camera", "width": 1080, "height": 1080, "position": [-0.00027890117107353166, -6.251408722352255, -0.16447415914247], "rotation": [[0.9998006777821309, 0.018293182781669647, 0.007997760318248384], [-0.008290235668112166, 0.015968657371296196, 0.9998381238852244], [0.018162508058054205, -0.9997051372507169, 0.01611712925947245]], "fy": 50.00000000000003, "fx": 50.00000000000003}, {"id": 4, "img_name": "Camera", "width": 1080, "height": 1080, "position": [-0.0002789052730852994, 1.9319174137660218, -0.16447390252990993], "rotation": [[0.9998006778083078, 0.01681683630564142, 0.010760979078003455], [-0.008290231541783563, -0.14063733383755156, 0.9900264705511911], [0.018162508500523387, -0.9899183473134208, -0.14046988622916326]], "fy": 50.00000000000003, "fx": 50.00000000000003}, {"id": 5, "img_name": "Camera", "width": 1080, "height": 1080, "position": [-0.0002789061005210514, 1.621917730793544, -0.16447387003204794], "rotation": [[0.9998006777821309, 0.018293182781669647, 0.007997760318248384], [-0.008290235668112166, 0.015968657371296196, 0.9998381238852244], [0.018162508058054205, -0.9997051372507169, 0.01611712925947245]], "fy": 50.00000000000003, "fx": 50.00000000000003}, {"id": 6, "img_name": "Camera", "width": 1080, "height": 1080, "position": [-0.0002789061005210514, 1.621917730793544, -0.16447387003204794], "rotation": [[0.9998006777821309, 0.018293182781669647, 0.007997760318248384], [-0.008290235668112166, 0.015968657371296196, 0.9998381238852244], [0.018162508058054205, -0.9997051372507169, 0.01611712925947245]], "fy": 50.00000000000003, "fx": 50.00000000000003}, {"id": 7, "img_name": "Camera", "width": 1080, "height": 1080, "position": [-0.0002789061005210514, 1.621917730793544, -0.16447387003204794], "rotation": [[0.9998006777821309, 0.018293182781669647, 0.007997760318248384], [-0.008290235668112166, 0.015968657371296196, 0.9998381238852244], [0.018162508058054205, -0.9997051372507169, 0.01611712925947245]], "fy": 50.00000000000003, "fx": 50.00000000000003}, {"id": 8, "img_name": "Camera", "width": 1080, "height": 1080, "position": [-0.00027890611581318607, 1.6219177307884167, -0.1644738700825851], "rotation": [[0.9998006776794612, 0.018293188701861945, 0.007997759611801075], [-0.008290235056742267, 0.01596865735234233, 0.9998381238905963], [0.018162513988819042, -0.9997051371426884, 0.01611712927677875]], "fy": 50.00000000000003, "fx": 50.00000000000003}, {"id": 9, "img_name": "Camera", "width": 1080, "height": 1080, "position": [-0.00027890611581318607, 1.6219177307884167, -0.1644738700825851], "rotation": [[0.9998006776794612, 0.018293188701861945, 0.007997759611801075], [-0.008290235056742267, 0.01596865735234233, 0.9998381238905963], [0.018162513988819042, -0.9997051371426884, 0.01611712927677875]], "fy": 50.00000000000003, "fx": 50.00000000000003}, {"id": 10, "img_name": "Camera", "width": 1080, "height": 1080, "position": [-0.0002789061005210514, 1.621917730793544, -0.16447387003204794], "rotation": [[0.9998006777821309, 0.018293182781669647, 0.007997760318248384], [-0.008290235668112166, 0.015968657371296196, 0.9998381238852244], [0.018162508058054205, -0.9997051372507169, 0.01611712925947245]], "fy": 50.00000000000003, "fx": 50.00000000000003}, {"id": 11, "img_name": "Camera", "width": 1080, "height": 1080, "position": [-0.0002789064957219082, 1.280691110636091, -0.16447387851012166], "rotation": [[0.9998006777821309, 0.018293182781669647, 0.007997760318248384], [-0.008290235668112166, 0.015968657371296196, 0.9998381238852244], [0.018162508058054205, -0.9997051372507169, 0.01611712925947245]], "fy": 50.00000000000003, "fx": 50.00000000000003}, {"id": 12, "img_name": "Camera", "width": 1080, "height": 1080, "position": [-0.00027890542103323304, 0.8817263171429743, -0.16447389362279627], "rotation": [[0.9998006777821309, 0.018293182781669647, 0.007997760318248384], [-0.008290235668112166, 0.015968657371296196, 0.9998381238852244], [0.018162508058054205, -0.9997051372507169, 0.01611712925947245]], "fy": 50.00000000000003, "fx": 50.00000000000003}, {"id": 13, "img_name": "Camera", "width": 1080, "height": 1080, "position": [0.0, 0.0, -0.0], "rotation": [[0.9998006778691299, 0.01681683527079087, 0.010760975044284216], [-0.00829022769358128, -0.14063733380089874, 0.9900264705886215], [0.01816250690893748, -0.9899183473362079, -0.14046988627436532]], "fy": 50.00000000000003, "fx": 50.00000000000003}, {"id": 14, "img_name": "Camera", "width": 1080, "height": 1080, "position": [-0.00027890487819486303, -0.2810172991711867, -0.16447393495297594], "rotation": [[0.9998006777821309, 0.018293182781669647, 0.007997760318248384], [-0.008290235668112166, 0.015968657371296196, 0.9998381238852244], [0.018162508058054205, -0.9997051372507169, 0.01611712925947245]], "fy": 50.00000000000003, "fx": 50.00000000000003}, {"id": 15, "img_name": "Camera", "width": 1080, "height": 1080, "position": [-0.00027890487819486303, -0.2810172991711867, -0.16447393495297594], "rotation": [[0.9998006777821309, 0.018293182781669647, 0.007997760318248384], [-0.008290235668112166, 0.015968657371296196, 0.9998381238852244], [0.018162508058054205, -0.9997051372507169, 0.01611712925947245]], "fy": 50.00000000000003, "fx": 50.00000000000003}, {"id": 16, "img_name": "Camera", "width": 1080, "height": 1080, "position": [-0.00027890554220872695, -1.008035801583038, -0.16447396455649405], "rotation": [[0.9998006777821309, 0.018293182781669647, 0.007997760318248384], [-0.008290235668112166, 0.015968657371296196, 0.9998381238852244], [0.018162508058054205, -0.9997051372507169, 0.01611712925947245]], "fy": 50.00000000000003, "fx": 50.00000000000003}, {"id": 17, "img_name": "Camera", "width": 1080, "height": 1080, "position": [-0.00027890371093813854, -1.807653069115247, -0.1644740034831806], "rotation": [[0.9998006777821309, 0.018293182781669647, 0.007997760318248384], [-0.008290235668112166, 0.015968657371296196, 0.9998381238852244], [0.018162508058054205, -0.9997051372507169, 0.01611712925947245]], "fy": 50.00000000000003, "fx": 50.00000000000003}, {"id": 18, "img_name": "Camera", "width": 1080, "height": 1080, "position": [-0.0002789014759509823, -10.337511751606593, -0.16447431932240572], "rotation": [[0.9998006777821309, 0.018293182781669647, 0.007997760318248384], [-0.008290235668112166, 0.015968657371296196, 0.9998381238852244], [0.018162508058054205, -0.9997051372507169, 0.01611712925947245]], "fy": 50.00000000000003, "fx": 50.00000000000003}, {"id": 19, "img_name": "Camera", "width": 1080, "height": 1080, "position": [-0.0002789042512588074, -10.138451513493594, -0.16447431039594698], "rotation": [[0.9998006777821309, 0.018293182781669647, 0.007997760318248384], [-0.008290235668112166, 0.015968657371296196, 0.9998381238852244], [0.018162508058054205, -0.9997051372507169, 0.01611712925947245]], "fy": 50.00000000000003, "fx": 50.00000000000003}, {"id": 20, "img_name": "Camera", "width": 1080, "height": 1080, "position": [-0.00027890094097183095, -9.75326972376285, -0.1644743013514726], "rotation": [[0.9998006777821309, 0.018293182781669647, 0.007997760318248384], [-0.008290235668112166, 0.015968657371296196, 0.9998381238852244], [0.018162508058054205, -0.9997051372507169, 0.01611712925947245]], "fy": 50.00000000000003, "fx": 50.00000000000003}, {"id": 21, "img_name": "Camera", "width": 1080, "height": 1080, "position": [-0.0002788981263470482, -9.238519841188149, -0.1644742749278375], "rotation": [[0.9998006777821309, 0.018293182781669647, 0.007997760318248384], [-0.008290235668112166, 0.015968657371296196, 0.9998381238852244], [0.018162508058054205, -0.9997051372507169, 0.01611712925947245]], "fy": 50.00000000000003, "fx": 50.00000000000003}, {"id": 22, "img_name": "Camera", "width": 1080, "height": 1080, "position": [-0.00027890727553448754, -8.612581190768775, -0.16447426125162207], "rotation": [[0.9998006777821309, 0.018293182781669647, 0.007997760318248384], [-0.008290235668112166, 0.015968657371296196, 0.9998381238852244], [0.018162508058054205, -0.9997051372507169, 0.01611712925947245]], "fy": 50.00000000000003, "fx": 50.00000000000003}, {"id": 23, "img_name": "Camera", "width": 1080, "height": 1080, "position": [-0.0002788986630920445, -7.8938302373700235, -0.1644742270080016], "rotation": [[0.9998006777821309, 0.018293182781669647, 0.007997760318248384], [-0.008290235668112166, 0.015968657371296196, 0.9998381238852244], [0.018162508058054205, -0.9997051372507169, 0.01611712925947245]], "fy": 50.00000000000003, "fx": 50.00000000000003}, {"id": 24, "img_name": "Camera", "width": 1080, "height": 1080, "position": [-0.0002788988640621948, -7.1006463060498195, -0.1644741911888615], "rotation": [[0.9998006777821309, 0.018293182781669647, 0.007997760318248384], [-0.008290235668112166, 0.015968657371296196, 0.9998381238852244], [0.018162508058054205, -0.9997051372507169, 0.01611712925947245]], "fy": 50.00000000000003, "fx": 50.00000000000003}, {"id": 25, "img_name": "Camera", "width": 1080, "height": 1080, "position": [-0.030278898978770834, -5.3644953016002805, -0.044474120263380774], "rotation": [[0.9998006777821309, 0.018293182781669647, 0.007997760318248384], [-0.008290235668112166, 0.015968657371296196, 0.9998381238852244], [0.018162508058054205, -0.9997051372507169, 0.01611712925947245]], "fy": 50.00000000000003, "fx": 50.00000000000003}, {"id": 26, "img_name": "Camera", "width": 1080, "height": 1080, "position": [-0.00027890196251209544, -4.458284654314763, -0.1644740964445547], "rotation": [[0.9998006777821309, 0.018293182781669647, 0.007997760318248384], [-0.008290235668112166, 0.015968657371296196, 0.9998381238852244], [0.018162508058054205, -0.9997051372507169, 0.01611712925947245]], "fy": 50.00000000000003, "fx": 50.00000000000003}, {"id": 27, "img_name": "Camera", "width": 1080, "height": 1080, "position": [-0.0002789051832484074, -3.5511553903575708, -0.16447406514768967], "rotation": [[0.9998006777821309, 0.018293182781669647, 0.007997760318248384], [-0.008290235668112166, 0.015968657371296196, 0.9998381238852244], [0.018162508058054205, -0.9997051372507169, 0.01611712925947245]], "fy": 50.00000000000003, "fx": 50.00000000000003}, {"id": 28, "img_name": "Camera", "width": 1080, "height": 1080, "position": [-0.020278905597734948, -2.66148551259052, -0.024474030034102624], "rotation": [[0.9998006777821309, 0.018293182781669647, 0.007997760318248384], [-0.008290235668112166, 0.015968657371296196, 0.9998381238852244], [0.018162508058054205, -0.9997051372507169, 0.01611712925947245]], "fy": 50.00000000000003, "fx": 50.00000000000003}]