[{"id": 0, "img_name": "frame_1", "width": 1080, "height": 1080, "position": [-0.0012956137211033356, -9.130520820666462, -1.8033636166438352e-07], "rotation": [[0.5962303088138464, -0.8028134396307425, -3.765285222880973e-08], [3.765285180544129e-08, -1.8937252159455293e-08, 0.9999999999999989], [-0.8028134396307423, -0.596230308813847, 1.8937251845029695e-08]], "fy": 50.00000000000003, "fx": 50.00000000000003}, {"id": 1, "img_name": "frame_10", "width": 1080, "height": 1080, "position": [0.012217309665180977, -9.116553306119576, -1.7976336665962132e-07], "rotation": [[0.5962303088138464, -0.8028134396307425, -3.765285222880973e-08], [3.765285180544129e-08, -1.8937252159455293e-08, 0.9999999999999989], [-0.8028134396307423, -0.596230308813847, 1.8937251845029695e-08]], "fy": 50.00000000000003, "fx": 50.00000000000003}, {"id": 2, "img_name": "frame_100", "width": 1080, "height": 1080, "position": [-0.05345249597348281, -7.396174430178391, -3.2913535660748095e-08], "rotation": [[0.7893913933960269, 0.6138902410303319, 1.2512179679514782e-08], [-6.72198418546142e-08, 6.605510600100341e-08, 0.9999999999999956], [0.6138902410303283, -0.789391393396024, 9.340893709524841e-08]], "fy": 50.00000000000003, "fx": 50.00000000000003}, {"id": 3, "img_name": "frame_101", "width": 1080, "height": 1080, "position": [-0.07797099442112669, -7.366247177928924, -1.1256747777947482e-07], "rotation": [[0.8203219753613303, 0.571901964272973, -1.0321876540667301e-08], [-9.074005021792437e-08, 1.482036065596668e-07, 0.9999999999999851], [0.5719019642729659, -0.8203219753613171, 1.7346908822007282e-07]], "fy": 50.00000000000003, "fx": 50.00000000000003}, {"id": 4, "img_name": "frame_102", "width": 1080, "height": 1080, "position": [-0.099344920355246, -7.333904743515873, -2.0158482743075757e-07], "rotation": [[0.8642329943963072, 0.5030917723405867, -3.2333671130442547e-09], [-8.461571074551113e-08, 1.5178355224519054e-07, 0.9999999999999847], [0.5030917723405797, -0.8642329943962934, 1.7374582179687744e-07]], "fy": 50.00000000000003, "fx": 50.00000000000003}, {"id": 5, "img_name": "frame_103", "width": 1080, "height": 1080, "position": [-0.11740039326422899, -7.299033169050883, -2.5486363739179165e-07], "rotation": [[0.9153112449329198, 0.4027472220876854, -3.4691490991067624e-08], [-3.469149099106762e-08, 1.6497941929032644e-07, 0.9999999999999857], [0.4027472220876854, -0.9153112449329057, 1.6497941929032647e-07]], "fy": 50.00000000000003, "fx": 50.00000000000003}, {"id": 6, "img_name": "frame_104", "width": 1080, "height": 1080, "position": [-0.13558791758698024, -7.263906479183192, 1.496419601895473e-07], "rotation": [[0.9550295518349375, 0.2965106323927663, -2.2223235927876122e-09], [-2.3057480801525143e-08, 8.17606404840146e-08, 0.9999999999999961], [0.2965106323927654, -0.9550295518349339, 8.492061606936905e-08]], "fy": 50.00000000000003, "fx": 50.00000000000003}, {"id": 7, "img_name": "frame_105", "width": 1080, "height": 1080, "position": [-0.1406716187067006, -7.224470615504181, -1.0524747173116774e-06], "rotation": [[0.9895664253639782, 0.1440773743249027, -8.337125492497247e-10], [-1.1342904066362338e-08, 8.369301298185368e-08, 0.9999999999999967], [0.14407737432490225, -0.9895664253639748, 8.445405151740135e-08]], "fy": 50.00000000000003, "fx": 50.00000000000003}, {"id": 8, "img_name": "frame_106", "width": 1080, "height": 1080, "position": [-0.14536311639653945, -7.184620857150864, 1.6377155581630401e-07], "rotation": [[0.999896971551934, -0.01435431228833067, 6.050046157132477e-10], [6.050046157132477e-10, 8.42915267950771e-08, 0.9999999999999964], [-0.01435431228833067, -0.9998969715519305, 8.42915267950771e-08]], "fy": 50.00000000000003, "fx": 50.00000000000003}, {"id": 9, "img_name": "frame_107", "width": 1080, "height": 1080, "position": [-0.14159201883078074, -7.145289897513568, 4.793291142289634e-07], "rotation": [[0.9874284292066642, -0.1580667491740741, 2.8625610514514646e-09], [2.3869650105971146e-08, 1.672213307567649e-07, 0.9999999999999858], [-0.1580667491740723, -0.9874284292066501, 1.6889209395309396e-07]], "fy": 50.00000000000003, "fx": 50.00000000000003}, {"id": 10, "img_name": "frame_108", "width": 1080, "height": 1080, "position": [-0.12939417070604586, -7.106477261938815, -3.8047375200422296e-07], "rotation": [[0.9586402161133196, -0.2846206880221603, -1.0427193710777277e-08], [1.042719356265582e-08, -1.5152326028927196e-09, 0.9999999999999996], [-0.2846206880221603, -0.9586402161133194, 1.515232104000013e-09]], "fy": 50.00000000000003, "fx": 50.00000000000003}, {"id": 11, "img_name": "frame_109", "width": 1080, "height": 1080, "position": [-0.11711292823887863, -7.067399978996751, -1.057308721969996e-07], "rotation": [[0.9133437541787057, -0.4071893744963734, -3.065755651153284e-09], [3.81579098831125e-08, 7.80608117230214e-08, 0.999999999999996], [-0.4071893744963716, -0.9133437541787023, 8.683385031485759e-08]], "fy": 50.00000000000003, "fx": 50.00000000000003}, {"id": 12, "img_name": "frame_11", "width": 1080, "height": 1080, "position": [0.015364306384746156, -9.113301277732795, -2.970020873870248e-07], "rotation": [[0.6096793178468162, -0.7926481750372224, 3.723838791356145e-08], [3.723838791356146e-08, 7.562228108186845e-08, 0.9999999999999962], [-0.7926481750372226, -0.6096793178468124, 7.562228108186845e-08]], "fy": 50.00000000000003, "fx": 50.00000000000003}, {"id": 13, "img_name": "frame_110", "width": 1080, "height": 1080, "position": [-0.09717922310446644, -7.031882760870416, 2.8576775613027214e-07], "rotation": [[0.8793535919684822, -0.47616936093382567, 2.09784537741865e-08], [6.183431477439644e-08, 1.5824764619027363e-07, 0.9999999999999857], [-0.4761693609338221, -0.8793535919684682, 1.685992422415664e-07]], "fy": 50.00000000000003, "fx": 50.00000000000003}, {"id": 14, "img_name": "frame_111", "width": 1080, "height": 1080, "position": [-0.07269218859591353, -6.998362060919206, 6.477288760089636e-07], "rotation": [[0.856802814146883, -0.5156441967771764, 4.736070530332359e-08], [8.797070860965274e-08, 2.380212106881538e-07, 0.9999999999999678], [-0.5156441967771711, -0.8568028141468512, 2.492988285214273e-07]], "fy": 50.00000000000003, "fx": 50.00000000000003}, {"id": 15, "img_name": "frame_112", "width": 1080, "height": 1080, "position": [-0.048045799766058134, -6.964624404500219, 1.3632142772794293e-07], "rotation": [[0.8323163339196984, -0.5543009293610044, 8.473904450885712e-09], [8.915658810596861e-08, 1.4916155593493792e-07, 0.9999999999999848], [-0.5543009293609972, -0.832316333919685, 1.7356917904725186e-07]], "fy": 50.00000000000003, "fx": 50.00000000000003}, {"id": 16, "img_name": "frame_113", "width": 1080, "height": 1080, "position": [-0.023239924694126845, -6.930667876442171, -3.111882036306929e-07], "rotation": [[0.8059119406163573, -0.5920354245921234, 3.249335023015244e-08], [7.254296851406589e-08, 1.5363370320803454e-07, 0.9999999999999857], [-0.5920354245921199, -0.8059119406163432, 1.6676324305208888e-07]], "fy": 50.00000000000003, "fx": 50.00000000000003}, {"id": 17, "img_name": "frame_114", "width": 1080, "height": 1080, "position": [0.00237677944140025, -6.896984100417572, -1.7840371029449763e-07], "rotation": [[0.8104394634502018, -0.5858223929507542, 3.1852100416200324e-08], [7.195189107712383e-08, 1.5391141322936162e-07, 0.9999999999999857], [-0.5858223929507507, -0.8104394634501879, 1.6688691214922495e-07]], "fy": 50.00000000000003, "fx": 50.00000000000003}, {"id": 18, "img_name": "frame_115", "width": 1080, "height": 1080, "position": [0.02832195932283897, -6.863214492368629, -9.796929643170511e-08], "rotation": [[0.8229231489702338, -0.5681527003270461, -1.5155872743478146e-08], [6.531973777650376e-08, 6.793464425186964e-08, 0.9999999999999956], [-0.5681527003270426, -0.8229231489702311, 9.301657676090443e-08]], "fy": 50.00000000000003, "fx": 50.00000000000003}, {"id": 19, "img_name": "frame_116", "width": 1080, "height": 1080, "position": [0.05442806690777255, -6.829236984690472, -3.912997434117162e-08], "rotation": [[0.8350953979640324, -0.5501051502206593, 8.037119466864387e-09], [8.878096429926989e-08, 1.4938542928307932e-07, 0.999999999999985], [-0.5501051502206522, -0.8350953979640194, 1.7358995017089738e-07]], "fy": 50.00000000000003, "fx": 50.00000000000003}, {"id": 20, "img_name": "frame_117", "width": 1080, "height": 1080, "position": [0.08069381877648257, -6.7950501428090355, 2.7668592511182403e-07], "rotation": [[0.8469427273849015, -0.531684132290803, -1.7183185488127523e-08], [6.382088235595721e-08, 6.934464374123531e-08, 0.9999999999999954], [-0.5316841322907992, -0.8469427273848991, 9.266349217051473e-08]], "fy": 50.00000000000003, "fx": 50.00000000000003}, {"id": 21, "img_name": "frame_118", "width": 1080, "height": 1080, "position": [0.10711755756335486, -6.760658264612565, 3.078755016165803e-07], "rotation": [[0.8584513595995781, -0.5128949826247433, 4.222027381008316e-09], [8.547807898898483e-08, 1.5129958987177883e-07, 0.9999999999999849], [-0.5128949826247363, -0.8584513595995646, 1.7372461647673337e-07]], "fy": 50.00000000000003, "fx": 50.00000000000003}, {"id": 22, "img_name": "frame_119", "width": 1080, "height": 1080, "position": [0.12893892645988192, -6.723290446024566, -1.8064265339872345e-07], "rotation": [[0.8837324749372547, -0.4679924280811325, 2.019629741084898e-08], [6.109972605727973e-08, 1.585327135377487e-07, 0.9999999999999856], [-0.46799242808112895, -0.8837324749372408, 1.6869471644135683e-07]], "fy": 50.00000000000003, "fx": 50.00000000000003}, {"id": 23, "img_name": "frame_12", "width": 1080, "height": 1080, "position": [0.018835982567099837, -9.10971260136238, -2.3560211631681178e-08], "rotation": [[0.6275314688267873, -0.7785911993030064, 3.473343196015556e-08], [1.1077390334016409e-07, 1.338925257214035e-07, 0.9999999999999849], [-0.7785911993029992, -0.6275314688267741, 1.702693595386612e-07]], "fy": 50.00000000000003, "fx": 50.00000000000003}, {"id": 24, "img_name": "frame_120", "width": 1080, "height": 1080, "position": [0.14601346023436734, -6.682862760574343, 4.073491460635098e-08], "rotation": [[0.9190657930513783, -0.39410413350133877, 1.3271146004812008e-08], [5.4556407764566716e-08, 1.6090182465294836e-07, 0.9999999999999856], [-0.3941041335013352, -0.9190657930513645, 1.6938026890215085e-07]], "fy": 50.00000000000003, "fx": 50.00000000000003}, {"id": 25, "img_name": "frame_121", "width": 1080, "height": 1080, "position": [0.16318643840829145, -6.642201422460623, -6.304884600615898e-09], "rotation": [[0.9483842490408342, -0.31712350302563996, -7.2580777044843995e-09], [3.434135544469999e-08, 7.981345654396011e-08, 0.999999999999996], [-0.31712350302563813, -0.9483842490408305, 8.658427598808066e-08]], "fy": 50.00000000000003, "fx": 50.00000000000003}, {"id": 26, "img_name": "frame_122", "width": 1080, "height": 1080, "position": [0.18045733289068952, -6.601308822563739, -3.4737336483991855e-07], "rotation": [[0.971379203664218, -0.23753408742466728, -3.7732396648240586e-10], [2.054477181200381e-08, 8.242791749335619e-08, 0.9999999999999962], [-0.2375340874246664, -0.9713792036642146, 8.494884848177241e-08]], "fy": 50.00000000000003, "fx": 50.00000000000003}, {"id": 27, "img_name": "frame_123", "width": 1080, "height": 1080, "position": [0.18612271923871013, -6.557583809863149, -2.456308509176636e-07], "rotation": [[0.9924456895901812, -0.12268477172766687, 5.1805695334052865e-09], [5.1805695334052865e-09, 8.413434947440715e-08, 0.9999999999999963], [-0.12268477172766688, -0.9924456895901775, 8.413434947440717e-08]], "fy": 50.00000000000003, "fx": 50.00000000000003}, {"id": 28, "img_name": "frame_124", "width": 1080, "height": 1080, "position": [0.1878154914501073, -6.512726306774395, 3.219390355053248e-07], "rotation": [[0.9999823287606248, 0.005944927794174474, -7.516832530319487e-10], [-7.516832530319487e-10, 2.5287998019062583e-07, 0.999999999999968], [0.0059449277941744745, -0.9999823287605927, 2.5287998019062583e-07]], "fy": 50.00000000000003, "fx": 50.00000000000003}, {"id": 29, "img_name": "frame_125", "width": 1080, "height": 1080, "position": [0.1895174380542536, -6.467623711542457, 1.724318112784108e-07], "rotation": [[0.9908216835802945, 0.13517540955037213, 4.8021716840900394e-09], [-1.6222842601110273e-08, 8.338626516303656e-08, 0.9999999999999963], [0.13517540955037124, -0.9908216835802911, 8.481384902918828e-08]], "fy": 50.00000000000003, "fx": 50.00000000000003}, {"id": 30, "img_name": "frame_126", "width": 1080, "height": 1080, "position": [0.17647972477588883, -6.424545287987342, 1.8357401249161307e-07], "rotation": [[0.9659079436362834, 0.25888577485123887, -5.589004863842026e-10], [-2.1451943975012595e-08, 8.219649606311445e-08, 0.9999999999999963], [0.2588857748512379, -0.9659079436362796, 8.494785162808684e-08]], "fy": 50.00000000000003, "fx": 50.00000000000003}, {"id": 31, "img_name": "frame_127", "width": 1080, "height": 1080, "position": [0.16113026535535563, -6.381584164860699, -1.2187232949085104e-07], "rotation": [[0.9255925357594911, 0.3785214098915873, -1.6258794932140866e-08], [-1.6258794932140866e-08, 8.271081444137663e-08, 0.9999999999999966], [0.37852140989158733, -0.9255925357594875, 8.271081444137663e-08]], "fy": 50.00000000000003, "fx": 50.00000000000003}, {"id": 32, "img_name": "frame_128", "width": 1080, "height": 1080, "position": [0.142587396267216, -6.340013500975752, -3.2204590732522315e-07], "rotation": [[0.8769116657051634, 0.4806515687586958, -2.1408669215046462e-08], [-6.223797662234623e-08, 1.5808931423916206e-07, 0.9999999999999857], [0.48065156875869225, -0.8769116657051496, 1.6854514496095967e-07]], "fy": 50.00000000000003, "fx": 50.00000000000003}, {"id": 33, "img_name": "frame_129", "width": 1080, "height": 1080, "position": [0.11596012208924793, -6.3023786563693776, -2.45579475205721e-08], "rotation": [[0.8365841343510361, 0.5478384672073762, 1.6293279601846766e-08], [-6.44833107001724e-08, 6.872908240774276e-08, 0.9999999999999956], [0.5478384672073727, -0.8365841343510334, 9.282409804094773e-08]], "fy": 50.00000000000003, "fx": 50.00000000000003}, {"id": 34, "img_name": "frame_13", "width": 1080, "height": 1080, "position": [0.022630078010685947, -9.105792046395068, -6.352123903493636e-08], "rotation": [[0.6466725014979974, -0.7627677731828486, 3.542980987643843e-08], [3.542980987643843e-08, 7.648631161375191e-08, 0.9999999999999964], [-0.7627677731828485, -0.6466725014979938, 7.648631161375191e-08]], "fy": 50.00000000000003, "fx": 50.00000000000003}, {"id": 35, "img_name": "frame_130", "width": 1080, "height": 1080, "position": [0.08919699270440234, -6.264552590147465, 8.635137188903413e-08], "rotation": [[0.790874914470912, 0.6119778342886502, -3.4573375947071355e-08], [-7.445590943311867e-08, 1.527158037387274e-07, 0.9999999999999857], [0.6119778342886466, -0.7908749144708981, 1.6634446440417936e-07]], "fy": 50.00000000000003, "fx": 50.00000000000003}, {"id": 36, "img_name": "frame_131", "width": 1080, "height": 1080, "position": [0.05895193156859975, -6.229259488709928, 4.271554242670707e-07], "rotation": [[0.7627099444615005, 0.6467407058625068, -3.828590233628437e-08], [-7.785357942935814e-08, 1.5101199088711782e-07, 0.9999999999999856], [0.646740705862503, -0.7627099444614867, 1.6552942607560474e-07]], "fy": 50.00000000000003, "fx": 50.00000000000003}, {"id": 37, "img_name": "frame_132", "width": 1080, "height": 1080, "position": [0.02699115676142858, -6.195065498599875, 1.1643207865981925e-07], "rotation": [[0.7437286796114678, 0.6684816011853897, 9.180255060683032e-09], [-6.952786963116643e-08, 6.362122098938926e-08, 0.9999999999999956], [0.6684816011853862, -0.743728679611465, 9.379502831173914e-08]], "fy": 50.00000000000003, "fx": 50.00000000000003}, {"id": 38, "img_name": "frame_133", "width": 1080, "height": 1080, "position": [-0.005153556083910521, -6.160730361736722, -1.260992536260218e-07], "rotation": [[0.7256327710359893, 0.6880821764866677, 3.914932603125842e-08], [-3.914932633682828e-08, -1.5610478490568924e-08, 0.9999999999999993], [0.6880821764866678, -0.7256327710359906, 1.5610478812814605e-08]], "fy": 50.00000000000003, "fx": 50.00000000000003}, {"id": 39, "img_name": "frame_134", "width": 1080, "height": 1080, "position": [-0.03798117824001307, -6.126727103853788, 8.663290027750485e-08], "rotation": [[0.7379163608779978, 0.6748921723865023, 8.774353809497124e-09], [-6.980248339464518e-08, 6.331980488247356e-08, 0.9999999999999957], [0.6748921723864987, -0.7379163608779954, 9.383386962821753e-08]], "fy": 50.00000000000003, "fx": 50.00000000000003}, {"id": 40, "img_name": "frame_135", "width": 1080, "height": 1080, "position": [-0.07096669763366609, -6.092559811655269, -1.6149410197011014e-07], "rotation": [[0.7500175026383319, 0.6614179811104007, 3.942496318580344e-08], [-3.9424963176624424e-08, -1.4900639294840732e-08, 0.9999999999999991], [0.6614179811104007, -0.7500175026383327, 1.4900639284432148e-08]], "fy": 50.00000000000003, "fx": 50.00000000000003}, {"id": 41, "img_name": "frame_136", "width": 1080, "height": 1080, "position": [-0.10216352180542701, -6.056549071047399, -1.186944005796314e-07], "rotation": [[0.7816071530380528, 0.6237709982996562, 1.1924450350136364e-08], [-6.763395561217156e-08, 6.563102976608963e-08, 0.9999999999999958], [0.6237709982996528, -0.7816071530380504, 9.348578229098553e-08]], "fy": 50.00000000000003, "fx": 50.00000000000003}, {"id": 42, "img_name": "frame_137", "width": 1080, "height": 1080, "position": [-0.13152897174326758, -6.018657208662712, -1.4101536956629943e-07], "rotation": [[0.8294366769386425, 0.5586007509384336, -8.922988424599635e-09], [-8.954224491198217e-08, 1.4893035906926832e-07, 0.999999999999985], [0.5586007509384264, -0.8294366769386295, 1.7354666735666598e-07]], "fy": 50.00000000000003, "fx": 50.00000000000003}, {"id": 43, "img_name": "frame_138", "width": 1080, "height": 1080, "position": [-0.15939517536585232, -5.979647636479486, 7.808540207419315e-09], "rotation": [[0.8778354479744229, 0.4789623432792439, -4.133653940307488e-10], [-4.125272043391289e-08, 7.647044945842319e-08, 0.9999999999999962], [0.47896234327924203, -0.8778354479744197, 8.688697088273012e-08]], "fy": 50.00000000000003, "fx": 50.00000000000003}, {"id": 44, "img_name": "frame_139", "width": 1080, "height": 1080, "position": [-0.1776576347633056, -5.934848786047203, -2.8961934003539683e-07], "rotation": [[0.9445901336889139, 0.32825215816131353, -3.640788861220745e-09], [-2.4420243269129083e-08, 8.136400325051308e-08, 0.9999999999999966], [0.3282521581613126, -0.9445901336889104, 8.48716322527105e-08]], "fy": 50.00000000000003, "fx": 50.00000000000003}, {"id": 45, "img_name": "frame_14", "width": 1080, "height": 1080, "position": [0.026745351954526323, -9.101539611816406, -3.6870588313751005e-07], "rotation": [[0.6669841154808801, -0.7450719359204105, -4.135980091304395e-17], [-4.135980091304395e-17, -3.702505610330585e-17, 1.0], [-0.7450719359204105, -0.6669841154808798, -3.702505610330585e-17]], "fy": 50.00000000000003, "fx": 50.00000000000003}, {"id": 46, "img_name": "frame_140", "width": 1080, "height": 1080, "position": [-0.1960024882789386, -5.889848708440431, -3.545438737880246e-07], "rotation": [[0.9858055798128925, 0.16789091342227702, 3.3979372849762754e-09], [-1.760057189666118e-08, 8.310637207410848e-08, 0.9999999999999963], [0.1678909134222761, -0.985805579812889, 8.488170140184234e-08]], "fy": 50.00000000000003, "fx": 50.00000000000003}, {"id": 47, "img_name": "frame_141", "width": 1080, "height": 1080, "position": [-0.19358686709547826, -5.8411064141701905, 6.045793079161532e-07], "rotation": [[0.9996739351018373, -0.025534750400337605, 3.228891152736266e-09], [3.228891152736265e-09, 2.5286048931852576e-07, 0.999999999999968], [-0.025534750400337605, -0.9996739351018055, 2.5286048931852576e-07]], "fy": 50.00000000000003, "fx": 50.00000000000003}, {"id": 48, "img_name": "frame_142", "width": 1080, "height": 1080, "position": [-0.1911165874121089, -5.7921457275187125, -2.2528731312148604e-07], "rotation": [[0.9757510263879108, -0.21888338105698793, 8.090726849617958e-09], [2.9036008844563742e-08, 1.6640204546554436e-07, 0.9999999999999855], [-0.2188833810569862, -0.9757510263878965, 1.6872246644915957e-07]], "fy": 50.00000000000003, "fx": 50.00000000000003}, {"id": 49, "img_name": "frame_143", "width": 1080, "height": 1080, "position": [-0.17294551868528704, -5.7472166998787175, 2.1376081507450308e-07], "rotation": [[0.9360221760297427, -0.3519410262821676, 9.418977893452967e-09], [5.088623227395007e-08, 1.620999416418575e-07, 0.9999999999999855], [-0.35194102628216406, -0.9360221760297286, 1.6963809293120887e-07]], "fy": 50.00000000000003, "fx": 50.00000000000003}, {"id": 50, "img_name": "frame_144", "width": 1080, "height": 1080, "position": [-0.15020856058921359, -5.703310489700602, 1.445387813742774e-07], "rotation": [[0.8856501337290449, -0.4643531421512348, -3.064197628587401e-10], [4.061782487100212e-08, 7.680956375758849e-08, 0.9999999999999962], [-0.4643531421512331, -0.8856501337290416, 8.688741501872186e-08]], "fy": 50.00000000000003, "fx": 50.00000000000003}, {"id": 51, "img_name": "frame_145", "width": 1080, "height": 1080, "position": [-0.127376543396601, -5.659220218012929, 6.052250974087522e-08], "rotation": [[0.8215457220410584, -0.5701426370620215, 5.0679958194900476e-09], [4.529059673991659e-08, 7.415037755993443e-08, 0.9999999999999961], [-0.5701426370620198, -0.8215457220410549, 8.674002571899054e-08]], "fy": 50.00000000000003, "fx": 50.00000000000003}, {"id": 52, "img_name": "frame_146", "width": 1080, "height": 1080, "position": [-0.09410662294160742, -5.622286323493877, -5.471159526233463e-07], "rotation": [[0.7985195168623512, -0.6019689204518083, -3.9967562099635616e-08], [3.9967562308485545e-08, -1.3377241558377242e-08, 0.9999999999999993], [-0.6019689204518084, -0.798519516862352, 1.3377241835419355e-08]], "fy": 50.00000000000003, "fx": 50.00000000000003}, {"id": 53, "img_name": "frame_147", "width": 1080, "height": 1080, "position": [-0.059751803655604493, -5.585874561544361, -3.1315905812456806e-07], "rotation": [[0.779069424448737, -0.6269376618844248, -6.776698190741955e-08], [1.1734740287445528e-08, -9.350978264950327e-08, 0.9999999999999954], [-0.6269376618844283, -0.7790694244487343, -6.549366187655729e-08]], "fy": 50.00000000000003, "fx": 50.00000000000003}, {"id": 54, "img_name": "frame_148", "width": 1080, "height": 1080, "position": [-0.025258815007235234, -5.549315451595971, -2.1281881259122423e-08], "rotation": [[0.7587558634858628, -0.6513751143740613, 3.878992558195787e-08], [7.831319718592498e-08, 1.5077414089338034e-07, 0.9999999999999855], [-0.6513751143740576, -0.7587558634858486, 1.6541203128232863e-07]], "fy": 50.00000000000003, "fx": 50.00000000000003}, {"id": 55, "img_name": "frame_149", "width": 1080, "height": 1080, "position": [0.009370231129991533, -5.512612342466369, -1.896471042367323e-07], "rotation": [[0.7375914247908181, -0.6752472806868973, -3.928474409346449e-08], [3.928474439333453e-08, -1.526648672367045e-08, 0.9999999999999993], [-0.6752472806868972, -0.7375914247908193, 1.526648705122684e-08]], "fy": 50.00000000000003, "fx": 50.00000000000003}, {"id": 56, "img_name": "frame_15", "width": 1080, "height": 1080, "position": [0.03118132298918291, -9.096954345533264, -1.5926668212339643e-07], "rotation": [[0.6883332092843835, -0.7253946463796528, -5.4483490931382744e-09], [7.199946773194356e-08, 6.081003733640749e-08, 0.9999999999999957], [-0.7253946463796493, -0.6883332092843808, 9.408559656417961e-08]], "fy": 50.00000000000003, "fx": 50.00000000000003}, {"id": 57, "img_name": "frame_150", "width": 1080, "height": 1080, "position": [0.04345449824487595, -5.475137230754868, -5.024333343081455e-07], "rotation": [[0.763523969927649, -0.6457794881737248, -6.856183051099773e-08], [1.059178580751502e-08, -9.36461273629355e-08, 0.9999999999999957], [-0.6457794881737282, -0.7635239699276465, -6.466110491303336e-08]], "fy": 50.00000000000003, "fx": 50.00000000000003}, {"id": 58, "img_name": "frame_151", "width": 1080, "height": 1080, "position": [0.07756156740431117, -5.437414647234073, 6.050222477243567e-08], "rotation": [[0.7953720143344648, -0.6061215709851742, 1.399272892823153e-08], [9.38578828127708e-08, 1.462489812817419e-07, 0.9999999999999849], [-0.6061215709851671, -0.7953720143344515, 1.732116342233012e-07]], "fy": 50.00000000000003, "fx": 50.00000000000003}, {"id": 59, "img_name": "frame_152", "width": 1080, "height": 1080, "position": [0.11179778655208458, -5.399549482536983, -2.4975309959295185e-07], "rotation": [[0.8252717888026655, -0.5647357564440632, -1.534867608190401e-08], [6.517875824774824e-08, 6.806991387484573e-08, 0.9999999999999956], [-0.5647357564440598, -0.8252717888026628, 9.298495492611574e-08]], "fy": 50.00000000000003, "fx": 50.00000000000003}, {"id": 60, "img_name": "frame_153", "width": 1080, "height": 1080, "position": [0.14047610080986908, -5.357901576246337, 1.465706638766346e-07], "rotation": [[0.8745591672467854, -0.48491882102534306, 2.1819245732128376e-08], [6.262295946767347e-08, 1.5793721692252053e-07, 0.9999999999999856], [-0.48491882102533945, -0.8745591672467714, 1.6849249259773173e-07]], "fy": 50.00000000000003, "fx": 50.00000000000003}, {"id": 61, "img_name": "frame_154", "width": 1080, "height": 1080, "position": [0.16067069119768426, -5.310603621640613, -2.1870388886849995e-07], "rotation": [[0.940139410237114, -0.3407900956879634, 1.8788418877089875e-08], [3.954408003834509e-08, 1.6422239860328968e-07, 0.9999999999999858], [-0.3407900956879617, -0.9401394102370999, 1.678681797879378e-07]], "fy": 50.00000000000003, "fx": 50.00000000000003}, {"id": 62, "img_name": "frame_155", "width": 1080, "height": 1080, "position": [0.18093945412801096, -5.2631320982102014, -1.4824680441916486e-07], "rotation": [[0.9822557981784021, -0.1875461195144008, 1.5879555001226958e-08], [1.587955500122696e-08, 1.6783786326442333e-07, 0.9999999999999859], [-0.18754611951440084, -0.982255798178388, 1.6783786326442336e-07]], "fy": 50.00000000000003, "fx": 50.00000000000003}, {"id": 63, "img_name": "frame_156", "width": 1080, "height": 1080, "position": [0.17994725915522955, -5.211625098844142, 8.957919272388123e-08], "rotation": [[0.9998895427086716, 0.01486278513077334, -1.8793105738653803e-09], [-1.87931057386538e-09, 2.5287411011600264e-07, 0.9999999999999681], [0.01486278513077334, -0.9998895427086398, 2.528741101160027e-07]], "fy": 50.00000000000003, "fx": 50.00000000000003}, {"id": 64, "img_name": "frame_157", "width": 1080, "height": 1080, "position": [0.17759958907828707, -5.159690855478502, -1.4837052904896519e-07], "rotation": [[0.9754839615518146, 0.22007053586334022, -8.193378197647744e-09], [-2.9137244671790562e-08, 1.6638434991648344e-07, 0.9999999999999858], [0.2200705358633384, -0.9754839615518006, 1.6871751384512955e-07]], "fy": 50.00000000000003, "fx": 50.00000000000003}, {"id": 65, "img_name": "frame_158", "width": 1080, "height": 1080, "position": [0.15733407489427137, -5.111958025178883, -4.38035212351013e-08], "rotation": [[0.9299474256314831, 0.3676925149651229, -1.0850582486457918e-08], [-5.225272778302401e-08, 1.6166462420649295e-07, 0.9999999999999852], [0.36769251496511934, -0.9299474256314688, 1.695525380020155e-07]], "fy": 50.00000000000003, "fx": 50.00000000000003}, {"id": 66, "img_name": "frame_159", "width": 1080, "height": 1080, "position": [0.13527649889072632, -5.064482688688538, -5.053133314643305e-08], "rotation": [[0.8645252069099724, 0.5025894613074067, -1.5914414911637617e-09], [-4.228580270267512e-08, 7.590406655417762e-08, 0.999999999999996], [0.5025894613074049, -0.8645252069099687, 8.687337767608132e-08]], "fy": 50.00000000000003, "fx": 50.00000000000003}, {"id": 67, "img_name": "frame_16", "width": 1080, "height": 1080, "position": [0.03593639403985098, -9.092039110581263, 4.1505774659652157e-07], "rotation": [[0.7105718356902205, -0.7036246629587584, 6.413284535163682e-08], [6.413284535163677e-08, 1.5591244145907543e-07, 0.9999999999999857], [-0.7036246629587583, -0.7105718356902062, 1.5591244145907546e-07]], "fy": 50.00000000000003, "fx": 50.00000000000003}, {"id": 68, "img_name": "frame_160", "width": 1080, "height": 1080, "position": [0.10447062196772372, -5.0221271456880565, 7.13167157413968e-09], "rotation": [[0.8210643493994488, 0.5708356454753474, -5.553105717704818e-08], [-9.574834268682361e-08, 2.3500040502822154e-07, 0.9999999999999678], [0.5708356454753422, -0.8210643493994171, 2.4760702165631477e-07]], "fy": 50.00000000000003, "fx": 50.00000000000003}, {"id": 69, "img_name": "frame_161", "width": 1080, "height": 1080, "position": [0.07220392617345549, -4.980453969483126, -1.4499008248060227e-07], "rotation": [[0.7789332233732593, 0.6271068756801695, 1.9874670018044096e-08], [-1.9874670226912644e-08, -7.0061888314885886e-09, 1.0], [0.6271068756801695, -0.7789332233732598, 7.006189090925468e-09]], "fy": 50.00000000000003, "fx": 50.00000000000003}, {"id": 70, "img_name": "frame_162", "width": 1080, "height": 1080, "position": [0.03754137087577403, -4.940582276873718, -4.771031029479474e-08], "rotation": [[0.7571699013832364, 0.6532179884535475, 3.950544721517499e-08], [-3.950544738741418e-08, -1.4685926856728316e-08, 0.9999999999999991], [0.6532179884535474, -0.7571699013832375, 1.4685927056377337e-08]], "fy": 50.00000000000003, "fx": 50.00000000000003}, {"id": 71, "img_name": "frame_163", "width": 1080, "height": 1080, "position": [0.0015423757221107114, -4.901616096450397, -1.7123117657573407e-07], "rotation": [[0.7475741471731964, 0.6641783604411299, -2.99465648304696e-08], [-2.9946564830469585e-08, 7.879486220709719e-08, 0.9999999999999964], [0.6641783604411297, -0.7475741471731929, 7.87948622070972e-08]], "fy": 50.00000000000003, "fx": 50.00000000000003}, {"id": 72, "img_name": "frame_164", "width": 1080, "height": 1080, "position": [-0.03431734327975461, -4.862292289407884, -6.823175495908153e-08], "rotation": [[0.7482714427785898, 0.6633926800335133, 9.500115859954156e-09], [-6.93104655573045e-08, 6.385799438259776e-08, 0.9999999999999958], [0.6633926800335098, -0.7482714427785875, 9.376316899190595e-08]], "fy": 50.00000000000003, "fx": 50.00000000000003}, {"id": 73, "img_name": "frame_165", "width": 1080, "height": 1080, "position": [-0.06977855555245956, -4.82238006653222, -1.3388986576113902e-07], "rotation": [[0.7693784221718867, 0.6387932713298552, -8.802759165156774e-09], [-4.844520704104539e-08, 7.212890015550722e-08, 0.9999999999999962], [0.6387932713298535, -0.7693784221718838, 8.644089167522207e-08]], "fy": 50.00000000000003, "fx": 50.00000000000003}, {"id": 74, "img_name": "frame_166", "width": 1080, "height": 1080, "position": [-0.10514168194400308, -4.782184602364966, 7.900832049373673e-09], "rotation": [[0.7911189766029233, 0.6116622964175108, -1.4597571182860551e-08], [-9.436807255084415e-08, 1.4592029737738644e-07, 0.9999999999999849], [0.6116622964175038, -0.79111897660291, 1.7316170830518293e-07]], "fy": 50.00000000000003, "fx": 50.00000000000003}, {"id": 75, "img_name": "frame_167", "width": 1080, "height": 1080, "position": [-0.13533553767781, -4.737752915320875, -1.7861140957482158e-07], "rotation": [[0.8441371500956012, 0.5361272906954808, -6.59193557917373e-09], [-8.753445209377182e-08, 1.5011923450899128e-07, 0.9999999999999849], [0.5361272906954737, -0.8441371500955877, 1.736508314439683e-07]], "fy": 50.00000000000003, "fx": 50.00000000000003}, {"id": 76, "img_name": "frame_168", "width": 1080, "height": 1080, "position": [-0.16562110180074133, -4.693186283111572, -3.4755026844435087e-07], "rotation": [[0.8900941292328275, 0.45577674480523334, 2.8463278284645423e-17], [2.846327828464543e-17, -5.55864185451355e-17, 1.0], [0.45577674480523334, -0.8900941292328273, -5.55864185451355e-17]], "fy": 50.00000000000003, "fx": 50.00000000000003}, {"id": 77, "img_name": "frame_169", "width": 1080, "height": 1080, "position": [-0.18457597189506983, -4.642805100013276, 9.41670669265077e-08], "rotation": [[0.950545402554948, 0.3105856366312708, -2.8494886803896142e-09], [-2.3660737849473714e-08, 8.158810750886727e-08, 0.9999999999999962], [0.3105856366312699, -0.9505454025549442, 8.490188582934091e-08]], "fy": 50.00000000000003, "fx": 50.00000000000003}, {"id": 78, "img_name": "frame_17", "width": 1080, "height": 1080, "position": [0.041007525498028004, -9.086797712624312, -3.920127872286683e-07], "rotation": [[0.7335358157613463, -0.6796507978332216, -3.923887111332329e-08], [3.923887118877969e-08, -1.538400866832166e-08, 0.9999999999999991], [-0.6796507978332216, -0.7335358157613474, 1.5384008749760497e-08]], "fy": 50.00000000000003, "fx": 50.00000000000003}, {"id": 79, "img_name": "frame_170", "width": 1080, "height": 1080, "position": [-0.2019633912852303, -4.591466428317966, 2.2286790603445787e-07], "rotation": [[0.9889610291230101, 0.1481758511902557, -7.271107199605758e-09], [-1.777870071738003e-08, 1.677300934041064e-07, 0.9999999999999858], [0.1481758511902548, -0.9889610291229961, 1.6851289989807825e-07]], "fy": 50.00000000000003, "fx": 50.00000000000003}, {"id": 80, "img_name": "frame_171", "width": 1080, "height": 1080, "position": [-0.20091548752640617, -4.537684917648772, -1.1546023181997686e-07], "rotation": [[0.9992391182607322, -0.039002365793815906, -9.895373064759234e-10], [4.277816444610652e-09, 8.422628094817127e-08, 0.9999999999999966], [-0.039002365793815684, -0.9992391182607288, 8.43290396706883e-08]], "fy": 50.00000000000003, "fx": 50.00000000000003}, {"id": 81, "img_name": "frame_172", "width": 1080, "height": 1080, "position": [-0.19659195320150114, -4.4833445550502695, -7.527607109788171e-08], "rotation": [[0.973472379061869, -0.2288045611512689, -7.586118122896111e-10], [2.01745888051706e-08, 8.251930398427186e-08, 0.9999999999999964], [-0.228804561151268, -0.9734723790618657, 8.494630110401596e-08]], "fy": 50.00000000000003, "fx": 50.00000000000003}, {"id": 82, "img_name": "frame_173", "width": 1080, "height": 1080, "position": [-0.1767205606228117, -4.433341974404923, -2.523929171129038e-07], "rotation": [[0.9299539523285333, -0.3676760075780563, 3.155018457280985e-08], [3.155018457280984e-08, 1.6560885714922367e-07, 0.9999999999999857], [-0.36767600757805624, -0.9299539523285189, 1.656088571492237e-07]], "fy": 50.00000000000003, "fx": 50.00000000000003}, {"id": 83, "img_name": "frame_174", "width": 1080, "height": 1080, "position": [-0.15124239542003234, -4.3848061528636055, 1.1248654287774599e-07], "rotation": [[0.8747520860828593, -0.48457072537833484, 2.1785716955026713e-08], [6.2591530123364e-08, 1.5794967481668001e-07, 0.9999999999999856], [-0.48457072537833124, -0.874752086082845, 1.6849683070521252e-07]], "fy": 50.00000000000003, "fx": 50.00000000000003}, {"id": 84, "img_name": "frame_175", "width": 1080, "height": 1080, "position": [-0.12461297173272887, -4.336917876454712, 5.494489218122056e-08], "rotation": [[0.8096554441700213, -0.5869054964181587, 5.959055595620919e-09], [4.6050163526881354e-08, 7.368106356251465e-08, 0.9999999999999963], [-0.586905496418157, -0.8096554441700181, 8.66833683299416e-08]], "fy": 50.00000000000003, "fx": 50.00000000000003}, {"id": 85, "img_name": "frame_176", "width": 1080, "height": 1080, "position": [-0.08643002343786671, -4.297175408494052, -3.072547776835341e-07], "rotation": [[0.7898422343744781, -0.6133100723111694, -1.2546494382379644e-08], [6.719556744694594e-08, 6.607979336078583e-08, 0.9999999999999954], [-0.6133100723111659, -0.7898422343744752, 9.340433001893399e-08]], "fy": 50.00000000000003, "fx": 50.00000000000003}, {"id": 86, "img_name": "frame_177", "width": 1080, "height": 1080, "position": [-0.04814623198706809, -4.257327080302518, -1.1647331315348115e-07], "rotation": [[0.7691126718162605, -0.6391132122336803, -1.0999000485982078e-08], [6.827994099627137e-08, 6.495870625696583e-08, 0.9999999999999956], [-0.6391132122336768, -0.7691126718162578, 9.359917654398017e-08]], "fy": 50.00000000000003, "fx": 50.00000000000003}, {"id": 87, "img_name": "frame_178", "width": 1080, "height": 1080, "position": [-0.00976366804603665, -4.2173767093690335, 4.2628118391640084e-08], "rotation": [[0.7474839547894543, -0.6642798637113093, -3.939641542485447e-08], [3.9396415535479294e-08, -1.497595745063691e-08, 0.9999999999999991], [-0.6642798637113093, -0.7474839547894552, 1.4975957575117995e-08]], "fy": 50.00000000000003, "fx": 50.00000000000003}, {"id": 88, "img_name": "frame_179", "width": 1080, "height": 1080, "position": [0.028019890186127168, -4.176680565446614, 1.0580581610390248e-07], "rotation": [[0.7498022139391305, -0.6616620285100077, 2.0205679692879495e-08], [9.905075861592243e-08, 1.4278310324800362e-07, 0.999999999999985], [-0.6616620285100006, -0.7498022139391174, 1.7259721275633607e-07]], "fy": 50.00000000000003, "fx": 50.00000000000003}, {"id": 89, "img_name": "frame_18", "width": 1080, "height": 1080, "position": [0.046395260175324825, -9.081230162657818, -6.798407178131705e-07], "rotation": [[0.7570449143917762, -0.6533628376281801, -1.975202023420531e-08], [1.9752020361146546e-08, -7.344852595517536e-09, 0.9999999999999998], [-0.6533628376281801, -0.7570449143917765, 7.344852742603058e-09]], "fy": 50.00000000000003, "fx": 50.00000000000003}, {"id": 90, "img_name": "frame_180", "width": 1080, "height": 1080, "position": [0.06496978209288716, -4.135027882851224, -6.458903205919993e-08], "rotation": [[0.783460557939931, -0.6214415130585105, -3.979988868651585e-08], [3.979988886762475e-08, -1.3868152439590538e-08, 0.9999999999999991], [-0.6214415130585104, -0.783460557939932, 1.386815266791722e-08]], "fy": 50.00000000000003, "fx": 50.00000000000003}, {"id": 91, "img_name": "frame_181", "width": 1080, "height": 1080, "position": [0.10201166645646488, -4.093271256627364, 3.206081726629168e-08], "rotation": [[0.8150395000238668, -0.5794053964201964, 1.1117677634009047e-08], [9.141908320889588e-08, 1.477857162051353e-07, 0.9999999999999849], [-0.5794053964201893, -0.8150395000238537, 1.7341990639626888e-07]], "fy": 50.00000000000003, "fx": 50.00000000000003}, {"id": 92, "img_name": "frame_182", "width": 1080, "height": 1080, "position": [0.1391429441490646, -4.051413533711186, -7.05516087214268e-08], "rotation": [[0.8444336207688317, -0.5356602095687533, -1.6965305245466784e-08], [6.398371834876576e-08, 6.919442030911555e-08, 0.9999999999999956], [-0.5356602095687497, -0.8444336207688289, 9.270362685276307e-08]], "fy": 50.00000000000003, "fx": 50.00000000000003}, {"id": 93, "img_name": "frame_183", "width": 1080, "height": 1080, "position": [0.16520211473825175, -4.0026583669727955, 3.042188483323489e-08], "rotation": [[0.8941394633677301, -0.447788588564367, -1.115035187212958e-09], [3.990122759023646e-08, 7.718425146339098e-08, 0.9999999999999963], [-0.44778858856436515, -0.8941394633677265, 8.688079955950609e-08]], "fy": 50.00000000000003, "fx": 50.00000000000003}, {"id": 94, "img_name": "frame_184", "width": 1080, "height": 1080, "position": [0.1854580756028486, -3.9502158145714814, -2.0114945689795515e-07], "rotation": [[0.9435035972399733, -0.33136228209503577, -1.0386824164162465e-08], [1.0386824137720656e-08, -1.7709263988283116e-09, 0.9999999999999998], [-0.3313622820950357, -0.9435035972399735, 1.770926323539291e-09]], "fy": 50.00000000000003, "fx": 50.00000000000003}, {"id": 95, "img_name": "frame_185", "width": 1080, "height": 1080, "position": [0.20576090550018544, -3.897653106526158, -2.2943861261020978e-09], "rotation": [[0.9778404852356177, -0.20935134447662634, 1.7745580976949108e-08], [1.7745580976949104e-08, 1.676508387272258e-07, 0.9999999999999859], [-0.20935134447662637, -0.9778404852356039, 1.676508387272258e-07]], "fy": 50.00000000000003, "fx": 50.00000000000003}, {"id": 96, "img_name": "frame_186", "width": 1080, "height": 1080, "position": [0.2109830576292261, -3.842335701176722, -3.0400124940340695e-09], "rotation": [[0.9965071450673885, -0.08350754354932875, 8.907803263364164e-10], [6.154533981489705e-09, 8.410997521927145e-08, 0.9999999