[{"id": 0, "img_name": "frame_1", "width": 1080, "height": 1080, "position": [-0.00027891173028226154, -10.447514035896237, -0.16447430713045932], "rotation": [[0.99980067765927, -0.008290231571629685, 0.01816251669106542], [-0.01829318999949872, -0.015968488810176297, 0.9997051398111153], [-0.007997759167836654, -0.9998381266113069, -0.01611696071488839]], "fy": 50.00000000000003, "fx": 50.00000000000003}, {"id": 1, "img_name": "frame_106", "width": 1080, "height": 1080, "position": [-0.0002789023291453642, -3.912941305977472, -0.16447406146081278], "rotation": [[0.99980067765927, -0.008290231571629685, 0.01816251669106542], [-0.01829318999949872, -0.015968488810176297, 0.9997051398111153], [-0.007997759167836654, -0.9998381266113069, -0.01611696071488839]], "fy": 50.00000000000003, "fx": 50.00000000000003}, {"id": 2, "img_name": "frame_113", "width": 1080, "height": 1080, "position": [-0.0002789064258452859, -3.281584394028773, -0.1644740495680719], "rotation": [[0.99980067765927, -0.008290231571629685, 0.01816251669106542], [-0.01829318999949872, -0.015968488810176297, 0.9997051398111153], [-0.007997759167836654, -0.9998381266113069, -0.01611696071488839]], "fy": 50.00000000000003, "fx": 50.00000000000003}, {"id": 3, "img_name": "frame_120", "width": 1080, "height": 1080, "position": [-0.0002789074745740338, -2.661485350362314, -0.16447401926140864], "rotation": [[0.99980067765927, -0.008290231571629685, 0.01816251669106542], [-0.01829318999949872, -0.015968488810176297, 0.9997051398111153], [-0.007997759167836654, -0.9998381266113069, -0.01611696071488839]], "fy": 50.00000000000003, "fx": 50.00000000000003}, {"id": 4, "img_name": "frame_128", "width": 1080, "height": 1080, "position": [-0.0002789075901702109, -1.9746705872106776, -0.16447399456505843], "rotation": [[0.99980067765927, -0.008290231571629685, 0.01816251669106542], [-0.01829318999949872, -0.015968488810176297, 0.9997051398111153], [-0.007997759167836654, -0.9998381266113069, -0.01611696071488839]], "fy": 50.00000000000003, "fx": 50.00000000000003}, {"id": 5, "img_name": "frame_135", "width": 1080, "height": 1080, "position": [-0.0002789063325331322, -1.399918657933007, -0.16447397622013685], "rotation": [[0.99980067765927, -0.008290231571629685, 0.01816251669106542], [-0.01829318999949872, -0.015968488810176297, 0.9997051398111153], [-0.007997759167836654, -0.9998381266113069, -0.01611696071488839]], "fy": 50.00000000000003, "fx": 50.00000000000003}, {"id": 6, "img_name": "frame_142", "width": 1080, "height": 1080, "position": [-0.0002789057565462761, -0.8562374798257564, -0.164473953989657], "rotation": [[0.99980067765927, -0.008290231571629685, 0.01816251669106542], [-0.01829318999949872, -0.015968488810176297, 0.9997051398111153], [-0.007997759167836654, -0.9998381266113069, -0.01611696071488839]], "fy": 50.00000000000003, "fx": 50.00000000000003}, {"id": 7, "img_name": "frame_15", "width": 1080, "height": 1080, "position": [-0.0002789170026832869, -10.276711147260787, -0.16447429235768002], "rotation": [[0.99980067765927, -0.008290231571629685, 0.01816251669106542], [-0.01829318999949872, -0.015968488810176297, 0.9997051398111153], [-0.007997759167836654, -0.9998381266113069, -0.01611696071488839]], "fy": 50.00000000000003, "fx": 50.00000000000003}, {"id": 8, "img_name": "frame_157", "width": 1080, "height": 1080, "position": [-0.0002789046896027537, 0.174861931247286, -0.16447392593375085], "rotation": [[0.99980067765927, -0.008290231571629685, 0.01816251669106542], [-0.01829318999949872, -0.015968488810176297, 0.9997051398111153], [-0.007997759167836654, -0.9998381266113069, -0.01611696071488839]], "fy": 50.00000000000003, "fx": 50.00000000000003}, {"id": 9, "img_name": "frame_164", "width": 1080, "height": 1080, "position": [-0.00027890561755721893, 0.579860696086025, -0.1644739060987291], "rotation": [[0.99980067765927, -0.008290231571629685, 0.01816251669106542], [-0.01829318999949872, -0.015968488810176297, 0.9997051398111153], [-0.007997759167836654, -0.9998381266113069, -0.01611696071488839]], "fy": 50.00000000000003, "fx": 50.00000000000003}, {"id": 10, "img_name": "frame_171", "width": 1080, "height": 1080, "position": [-0.00027890432107282974, 0.9276743388422508, -0.16447389926245085], "rotation": [[0.99980067765927, -0.008290231571629685, 0.01816251669106542], [-0.01829318999949872, -0.015968488810176297, 0.9997051398111153], [-0.007997759167836654, -0.9998381266113069, -0.01611696071488839]], "fy": 50.00000000000003, "fx": 50.00000000000003}, {"id": 11, "img_name": "frame_179", "width": 1080, "height": 1080, "position": [-0.0002789044145272493, 1.2470665439903739, -0.16447388967227075], "rotation": [[0.99980067765927, -0.008290231571629685, 0.01816251669106542], [-0.01829318999949872, -0.015968488810176297, 0.9997051398111153], [-0.007997759167836654, -0.9998381266113069, -0.01611696071488839]], "fy": 50.00000000000003, "fx": 50.00000000000003}, {"id": 12, "img_name": "frame_186", "width": 1080, "height": 1080, "position": [-0.0002789057439253288, 1.4511146658481582, -0.1644738822993883], "rotation": [[0.99980067765927, -0.008290231571629685, 0.01816251669106542], [-0.01829318999949872, -0.015968488810176297, 0.9997051398111153], [-0.007997759167836654, -0.9998381266113069, -0.01611696071488839]], "fy": 50.00000000000003, "fx": 50.00000000000003}, {"id": 13, "img_name": "frame_193", "width": 1080, "height": 1080, "position": [-0.0002789045102173154, 1.5781650960773368, -0.1644738776846082], "rotation": [[0.99980067765927, -0.008290231571629685, 0.01816251669106542], [-0.01829318999949872, -0.015968488810176297, 0.9997051398111153], [-0.007997759167836654, -0.9998381266113069, -0.01611696071488839]], "fy": 50.00000000000003, "fx": 50.00000000000003}, {"id": 14, "img_name": "frame_20", "width": 1080, "height": 1080, "position": [-0.0002789256532401899, -10.13845149984667, -0.16447427426854275], "rotation": [[0.99980067765927, -0.008290231571629685, 0.01816251669106542], [-0.01829318999949872, -0.015968488810176297, 0.9997051398111153], [-0.007997759167836654, -0.9998381266113069, -0.01611696071488839]], "fy": 50.00000000000003, "fx": 50.00000000000003}, {"id": 15, "img_name": "frame_207", "width": 1080, "height": 1080, "position": [-0.00027890482377109524, 1.6219177927978108, -0.16447387138408887], "rotation": [[0.99980067765927, -0.008290231571629685, 0.01816251669106542], [-0.01829318999949872, -0.015968488810176297, 0.9997051398111153], [-0.007997759167836654, -0.9998381266113069, -0.01611696071488839]], "fy": 50.00000000000003, "fx": 50.00000000000003}, {"id": 16, "img_name": "frame_214", "width": 1080, "height": 1080, "position": [-0.00027890482377109524, 1.6219177927978108, -0.16447387138408887], "rotation": [[0.99980067765927, -0.008290231571629685, 0.01816251669106542], [-0.01829318999949872, -0.015968488810176297, 0.9997051398111153], [-0.007997759167836654, -0.9998381266113069, -0.01611696071488839]], "fy": 50.00000000000003, "fx": 50.00000000000003}, {"id": 17, "img_name": "frame_221", "width": 1080, "height": 1080, "position": [-0.00027890482377109524, 1.6219177927978108, -0.16447387138408887], "rotation": [[0.99980067765927, -0.008290231571629685, 0.01816251669106542], [-0.01829318999949872, -0.015968488810176297, 0.9997051398111153], [-0.007997759167836654, -0.9998381266113069, -0.01611696071488839]], "fy": 50.00000000000003, "fx": 50.00000000000003}, {"id": 18, "img_name": "frame_229", "width": 1080, "height": 1080, "position": [-0.00027890482377109524, 1.6219177927978108, -0.16447387138408887], "rotation": [[0.99980067765927, -0.008290231571629685, 0.01816251669106542], [-0.01829318999949872, -0.015968488810176297, 0.9997051398111153], [-0.007997759167836654, -0.9998381266113069, -0.01611696071488839]], "fy": 50.00000000000003, "fx": 50.00000000000003}, {"id": 19, "img_name": "frame_236", "width": 1080, "height": 1080, "position": [-0.00027890482377109524, 1.6219177927978108, -0.16447387138408887], "rotation": [[0.99980067765927, -0.008290231571629685, 0.01816251669106542], [-0.01829318999949872, -0.015968488810176297, 0.9997051398111153], [-0.007997759167836654, -0.9998381266113069, -0.01611696071488839]], "fy": 50.00000000000003, "fx": 50.00000000000003}, {"id": 20, "img_name": "frame_243", "width": 1080, "height": 1080, "position": [-0.00027890482377109524, 1.6219177927978108, -0.16447387138408887], "rotation": [[0.99980067765927, -0.008290231571629685, 0.01816251669106542], [-0.01829318999949872, -0.015968488810176297, 0.9997051398111153], [-0.007997759167836654, -0.9998381266113069, -0.01611696071488839]], "fy": 50.00000000000003, "fx": 50.00000000000003}, {"id": 21, "img_name": "frame_250", "width": 1080, "height": 1080, "position": [-0.00027890482377109524, 1.6219177927978108, -0.16447387138408887], "rotation": [[0.99980067765927, -0.008290231571629685, 0.01816251669106542], [-0.01829318999949872, -0.015968488810176297, 0.9997051398111153], [-0.007997759167836654, -0.9998381266113069, -0.01611696071488839]], "fy": 50.00000000000003, "fx": 50.00000000000003}, {"id": 22, "img_name": "frame_32", "width": 1080, "height": 1080, "position": [-0.00027891836610146524, -9.660098095675348, -0.1644742518582789], "rotation": [[0.99980067765927, -0.008290231571629685, 0.01816251669106542], [-0.01829318999949872, -0.015968488810176297, 0.9997051398111153], [-0.007997759167836654, -0.9998381266113069, -0.01611696071488839]], "fy": 50.00000000000003, "fx": 50.00000000000003}, {"id": 23, "img_name": "frame_4", "width": 1080, "height": 1080, "position": [-0.00027892499431317796, -10.439368208614958, -0.1644742964333343], "rotation": [[0.99980067765927, -0.008290231571629685, 0.01816251669106542], [-0.01829318999949872, -0.015968488810176297, 0.9997051398111153], [-0.007997759167836654, -0.9998381266113069, -0.01611696071488839]], "fy": 50.00000000000003, "fx": 50.00000000000003}, {"id": 24, "img_name": "frame_47", "width": 1080, "height": 1080, "position": [-0.0002789124206701218, -8.810944057701876, -0.164474229796637], "rotation": [[0.99980067765927, -0.008290231571629685, 0.01816251669106542], [-0.01829318999949872, -0.015968488810176297, 0.9997051398111153], [-0.007997759167836654, -0.9998381266113069, -0.01611696071488839]], "fy": 50.00000000000003, "fx": 50.00000000000003}, {"id": 25, "img_name": "frame_54", "width": 1080, "height": 1080, "position": [-0.00027891904455670807, -8.335188274451209, -0.16447421202395737], "rotation": [[0.99980067765927, -0.008290231571629685, 0.01816251669106542], [-0.01829318999949872, -0.015968488810176297, 0.9997051398111153], [-0.007997759167836654, -0.9998381266113069, -0.01611696071488839]], "fy": 50.00000000000003, "fx": 50.00000000000003}, {"id": 26, "img_name": "frame_61", "width": 1080, "height": 1080, "position": [-0.00027891047660903186, -7.817557656514179, -0.16447419749945177], "rotation": [[0.99980067765927, -0.008290231571629685, 0.01816251669106542], [-0.01829318999949872, -0.015968488810176297, 0.9997051398111153], [-0.007997759167836654, -0.9998381266113069, -0.01611696071488839]], "fy": 50.00000000000003, "fx": 50.00000000000003}, {"id": 27, "img_name": "frame_69", "width": 1080, "height": 1080, "position": [-0.00027890025867881296, -7.182790353718052, -0.16447419567209495], "rotation": [[0.99980067765927, -0.008290231571629685, 0.01816251669106542], [-0.01829318999949872, -0.015968488810176297, 0.9997051398111153], [-0.007997759167836654, -0.9998381266113069, -0.01611696071488839]], "fy": 50.00000000000003, "fx": 50.00000000000003}, {"id": 28, "img_name": "frame_76", "width": 1080, "height": 1080, "position": [-0.0002789031991852437, -6.596654275621981, -0.164474155874191], "rotation": [[0.99980067765927, -0.008290231571629685, 0.01816251669106542], [-0.01829318999949872, -0.015968488810176297, 0.9997051398111153], [-0.007997759167836654, -0.9998381266113069, -0.01611696071488839]], "fy": 50.00000000000003, "fx": 50.00000000000003}, {"id": 29, "img_name": "frame_83", "width": 1080, "height": 1080, "position": [-0.000278907506037875, -5.988455112722128, -0.16447413693819893], "rotation": [[0.99980067765927, -0.008290231571629685, 0.01816251669106542], [-0.01829318999949872, -0.015968488810176297, 0.9997051398111153], [-0.007997759167836654, -0.9998381266113069, -0.01611696071488839]], "fy": 50.00000000000003, "fx": 50.00000000000003}, {"id": 30, "img_name": "frame_90", "width": 1080, "height": 1080, "position": [-0.0002788970957741072, -5.364495172569625, -0.16447411330608955], "rotation": [[0.99980067765927, -0.008290231571629685, 0.01816251669106542], [-0.01829318999949872, -0.015968488810176297, 0.9997051398111153], [-0.007997759167836654, -0.9998381266113069, -0.01611696071488839]], "fy": 50.00000000000003, "fx": 50.00000000000003}, {"id": 31, "img_name": "frame_98", "width": 1080, "height": 1080, "position": [-0.000278901517412388, -4.640188642619646, -0.16447409147981368], "rotation": [[0.99980067765927, -0.008290231571629685, 0.01816251669106542], [-0.01829318999949872, -0.015968488810176297, 0.9997051398111153], [-0.007997759167836654, -0.9998381266113069, -0.01611696071488839]], "fy": 50.00000000000003, "fx": 50.00000000000003}, {"id": 32, "img_name": "frame_10", "width": 1080, "height": 1080, "position": [-0.0002789335700074735, -10.375686902052, -0.1644742757456461], "rotation": [[0.99980067765927, -0.008290231571629685, 0.01816251669106542], [-0.01829318999949872, -0.015968488810176297, 0.9997051398111153], [-0.007997759167836654, -0.9998381266113069, -0.01611696071488839]], "fy": 50.00000000000003, "fx": 50.00000000000003}, {"id": 33, "img_name": "frame_100", "width": 1080, "height": 1080, "position": [-0.00027890383654326505, -4.458284572800397, -0.16447408160626198], "rotation": [[0.99980067765927, -0.008290231571629685, 0.01816251669106542], [-0.01829318999949872, -0.015968488810176297, 0.9997051398111153], [-0.007997759167836654, -0.9998381266113069, -0.01611696071488839]], "fy": 50.00000000000003, "fx": 50.00000000000003}, {"id": 34, "img_name": "frame_101", "width": 1080, "height": 1080, "position": [-0.00027889857099716044, -4.367310597152653, -0.16447408435772], "rotation": [[0.99980067765927, -0.008290231571629685, 0.01816251669106542], [-0.01829318999949872, -0.015968488810176297, 0.9997051398111153], [-0.007997759167836654, -0.9998381266113069, -0.01611696071488839]], "fy": 50.00000000000003, "fx": 50.00000000000003}, {"id": 35, "img_name": "frame_102", "width": 1080, "height": 1080, "position": [-0.000278901325478357, -4.27634520691039, -0.16447408405669542], "rotation": [[0.99980067765927, -0.008290231571629685, 0.01816251669106542], [-0.01829318999949872, -0.015968488810176297, 0.9997051398111153], [-0.007997759167836654, -0.9998381266113069, -0.01611696071488839]], "fy": 50.00000000000003, "fx": 50.00000000000003}, {"id": 36, "img_name": "frame_103", "width": 1080, "height": 1080, "position": [-0.00027889846719343837, -4.1854055736677, -0.16447408973532388], "rotation": [[0.99980067765927, -0.008290231571629685, 0.01816251669106542], [-0.01829318999949872, -0.015968488810176297, 0.9997051398111153], [-0.007997759167836654, -0.9998381266113069, -0.01611696071488839]], "fy": 50.00000000000003, "fx": 50.00000000000003}, {"id": 37, "img_name": "frame_104", "width": 1080, "height": 1080, "position": [-0.0002789049582826718, -4.094514114621311, -0.1644740711214567], "rotation": [[0.99980067765927, -0.008290231571629685, 0.01816251669106542], [-0.01829318999949872, -0.015968488810176297, 0.9997051398111153], [-0.007997759167836654, -0.9998381266113069, -0.01611696071488839]], "fy": 50.00000000000003, "fx": 50.00000000000003}, {"id": 38, "img_name": "frame_105", "width": 1080, "height": 1080, "position": [-0.0002789066503648581, -4.003686332382183, -0.16447406390695776], "rotation": [[0.99980067765927, -0.008290231571629685, 0.01816251669106542], [-0.01829318999949872, -0.015968488810176297, 0.9997051398111153], [-0.007997759167836654, -0.9998381266113069, -0.01611696071488839]], "fy": 50.00000000000003, "fx": 50.00000000000003}, {"id": 39, "img_name": "frame_107", "width": 1080, "height": 1080, "position": [-0.0002789044670534272, -3.8222976373288926, -0.16447406465840922], "rotation": [[0.99980067765927, -0.008290231571629685, 0.01816251669106542], [-0.01829318999949872, -0.015968488810176297, 0.9997051398111153], [-0.007997759167836654, -0.9998381266113069, -0.01611696071488839]], "fy": 50.00000000000003, "fx": 50.00000000000003}, {"id": 40, "img_name": "frame_108", "width": 1080, "height": 1080, "position": [-0.00027890796832433717, -3.7317729744891444, -0.16447405994796793], "rotation": [[0.99980067765927, -0.008290231571629685, 0.01816251669106542], [-0.01829318999949872, -0.015968488810176297, 0.9997051398111153], [-0.007997759167836654, -0.9998381266113069, -0.01611696071488839]], "fy": 50.00000000000003, "fx": 50.00000000000003}, {"id": 41, "img_name": "frame_109", "width": 1080, "height": 1080, "position": [-0.0002789030816347602, -3.641385920026775, -0.1644740632823893], "rotation": [[0.99980067765927, -0.008290231571629685, 0.01816251669106542], [-0.01829318999949872, -0.015968488810176297, 0.9997051398111153], [-0.007997759167836654, -0.9998381266113069, -0.01611696071488839]], "fy": 50.00000000000003, "fx": 50.00000000000003}, {"id": 42, "img_name": "frame_11", "width": 1080, "height": 1080, "position": [-0.000278918153156329, -10.35914531233137, -0.16447428208151527], "rotation": [[0.99980067765927, -0.008290231571629685, 0.01816251669106542], [-0.01829318999949872, -0.015968488810176297, 0.9997051398111153], [-0.007997759167836654, -0.9998381266113069, -0.01611696071488839]], "fy": 50.00000000000003, "fx": 50.00000000000003}, {"id": 43, "img_name": "frame_110", "width": 1080, "height": 1080, "position": [-0.0002789064861612523, -3.5511553139738283, -0.16447405679572896], "rotation": [[0.99980067765927, -0.008290231571629685, 0.01816251669106542], [-0.01829318999949872, -0.015968488810176297, 0.9997051398111153], [-0.007997759167836654, -0.9998381266113069, -0.01611696071488839]], "fy": 50.00000000000003, "fx": 50.00000000000003}, {"id": 44, "img_name": "frame_111", "width": 1080, "height": 1080, "position": [-0.0002788996464835275, -3.4610992819643456, -0.16447404922730402], "rotation": [[0.99980067765927, -0.008290231571629685, 0.01816251669106542], [-0.01829318999949872, -0.015968488810176297, 0.9997051398111153], [-0.007997759167836654, -0.9998381266113069, -0.01611696071488839]], "fy": 50.00000000000003, "fx": 50.00000000000003}, {"id": 45, "img_name": "frame_112", "width": 1080, "height": 1080, "position": [-0.00027890381912769254, -3.3712369028545472, -0.16447404866608528], "rotation": [[0.99980067765927, -0.008290231571629685, 0.01816251669106542], [-0.01829318999949872, -0.015968488810176297, 0.9997051398111153], [-0.007997759167836654, -0.9998381266113069, -0.01611696071488839]], "fy": 50.00000000000003, "fx": 50.00000000000003}, {"id": 46, "img_name": "frame_114", "width": 1080, "height": 1080, "position": [-0.0002789076207313997, -3.192162742389637, -0.16447404462723042], "rotation": [[0.99980067765927, -0.008290231571629685, 0.01816251669106542], [-0.01829318999949872, -0.015968488810176297, 0.9997051398111153], [-0.007997759167836654, -0.9998381266113069, -0.01611696071488839]], "fy": 50.00000000000003, "fx": 50.00000000000003}, {"id": 47, "img_name": "frame_115", "width": 1080, "height": 1080, "position": [-0.0002789079399159215, -3.1029888806042645, -0.16447403167056043], "rotation": [[0.99980067765927, -0.008290231571629685, 0.01816251669106542], [-0.01829318999949872, -0.015968488810176297, 0.9997051398111153], [-0.007997759167836654, -0.9998381266113069, -0.01611696071488839]], "fy": 50.00000000000003, "fx": 50.00000000000003}, {"id": 48, "img_name": "frame_116", "width": 1080, "height": 1080, "position": [-0.0002789070219060958, -3.014082126592137, -0.1644740300517568], "rotation": [[0.99980067765927, -0.008290231571629685, 0.01816251669106542], [-0.01829318999949872, -0.015968488810176297, 0.9997051398111153], [-0.007997759167836654, -0.9998381266113069, -0.01611696071488839]], "fy": 50.00000000000003, "fx": 50.00000000000003}, {"id": 49, "img_name": "frame_117", "width": 1080, "height": 1080, "position": [-0.0002789097331132419, -2.925459651368659, -0.1644740337552363], "rotation": [[0.99980067765927, -0.008290231571629685, 0.01816251669106542], [-0.01829318999949872, -0.015968488810176297, 0.9997051398111153], [-0.007997759167836654, -0.9998381266113069, -0.01611696071488839]], "fy": 50.00000000000003, "fx": 50.00000000000003}, {"id": 50, "img_name": "frame_118", "width": 1080, "height": 1080, "position": [-0.0002789080158808983, -2.8371407725137083, -0.16447403239678354], "rotation": [[0.99980067765927, -0.008290231571629685, 0.01816251669106542], [-0.01829318999949872, -0.015968488810176297, 0.9997051398111153], [-0.007997759167836654, -0.9998381266113069, -0.01611696071488839]], "fy": 50.00000000000003, "fx": 50.00000000000003}, {"id": 51, "img_name": "frame_119", "width": 1080, "height": 1080, "position": [-0.0002789073423540616, -2.749142899459117, -0.16447401614802631], "rotation": [[0.99980067765927, -0.008290231571629685, 0.01816251669106542], [-0.01829318999949872, -0.015968488810176297, 0.9997051398111153], [-0.007997759167836654, -0.9998381266113069, -0.01611696071488839]], "fy": 50.00000000000003, "fx": 50.00000000000003}, {"id": 52, "img_name": "frame_12", "width": 1080, "height": 1080, "position": [-0.00027891270157553213, -10.340957195174235, -0.16447429524247428], "rotation": [[0.99980067765927, -0.008290231571629685, 0.01816251669106542], [-0.01829318999949872, -0.015968488810176297, 0.9997051398111153], [-0.007997759167836654, -0.9998381266113069, -0.01611696071488839]], "fy": 50.00000000000003, "fx": 50.00000000000003}, {"id": 53, "img_name": "frame_121", "width": 1080, "height": 1080, "position": [-0.0002789063120561801, -2.5741855345534774, -0.1644740170693972], "rotation": [[0.99980067765927, -0.008290231571629685, 0.01816251669106542], [-0.01829318999949872, -0.015968488810176297, 0.9997051398111153], [-0.007997759167836654, -0.9998381266113069, -0.01611696071488839]], "fy": 50.00000000000003, "fx": 50.00000000000003}, {"id": 54, "img_name": "frame_122", "width": 1080, "height": 1080, "position": [-0.00027890470477508043, -2.487263246784941, -0.16447402130010905], "rotation": [[0.99980067765927, -0.008290231571629685, 0.01816251669106542], [-0.01829318999949872, -0.015968488810176297, 0.9997051398111153], [-0.007997759167836654, -0.9998381266113069, -0.01611696071488839]], "fy": 50.00000000000003, "fx": 50.00000000000003}, {"id": 55, "img_name": "frame_123", "width": 1080, "height": 1080, "position": [-0.0002789044337161689, -2.4007373273613375, -0.16447401420677565], "rotation": [[0.99980067765927, -0.008290231571629685, 0.01816251669106542], [-0.01829318999949872, -0.015968488810176297, 0.9997051398111153], [-0.007997759167836654, -0.9998381266113069, -0.01611696071488839]], "fy": 50.00000000000003, "fx": 50.00000000000003}, {"id": 56, "img_name": "frame_124", "width": 1080, "height": 1080, "position": [-0.00027890657396649455, -2.3146220857569104, -0.16447400569998835], "rotation": [[0.99980067765927, -0.008290231571629685, 0.01816251669106542], [-0.01829318999949872, -0.015968488810176297, 0.9997051398111153], [-0.007997759167836654, -0.9998381266113069, -0.01611696071488839]], "fy": 50.00000000000003, "fx": 50.00000000000003}, {"id": 57, "img_name": "frame_125", "width": 1080, "height": 1080, "position": [-0.0002789060517170647, -2.2289406557783487, -0.16447401384299193], "rotation": [[0.99980067765927, -0.008290231571629685, 0.01816251669106542], [-0.01829318999949872, -0.015968488810176297, 0.9997051398111153], [-0.007997759167836654, -0.9998381266113069, -0.01611696071488839]], "fy": 50.00000000000003, "fx": 50.00000000000003}, {"id": 58, "img_name": "frame_126", "width": 1080, "height": 1080, "position": [-0.00027890493984233407, -2.1437092540615046, -0.16447400317511138], "rotation": [[0.99980067765927, -0.008290231571629685, 0.01816251669106542], [-0.01829318999949872, -0.015968488810176297, 0.9997051398111153], [-0.007997759167836654, -0.9998381266113069, -0.01611696071488839]], "fy": 50.00000000000003, "fx": 50.00000000000003}, {"id": 59, "img_name": "frame_127", "width": 1080, "height": 1080, "position": [-0.0002789065680090557, -2.0589457676530567, -0.16447400096843798], "rotation": [[0.99980067765927, -0.008290231571629685, 0.01816251669106542], [-0.01829318999949872, -0.015968488810176297, 0.9997051398111153], [-0.007997759167836654, -0.9998381266113069, -0.01611696071488839]], "fy": 50.00000000000003, "fx": 50.00000000000003}, {"id": 60, "img_name": "frame_129", "width": 1080, "height": 1080, "position": [-0.0002789082846617547, -1.8908998109099262, -0.1644739951218365], "rotation": [[0.99980067765927, -0.008290231571629685, 0.01816251669106542], [-0.01829318999949872, -0.015968488810176297, 0.9997051398111153], [-0.007997759167836654, -0.9998381266113069, -0.01611696071488839]], "fy": 50.00000000000003, "fx": 50.00000000000003}, {"id": 61, "img_name": "frame_13", "width": 1080, "height": 1080, "position": [-0.00027891339774428157, -10.321143537075464, -0.16447427815478557], "rotation": [[0.99980067765927, -0.008290231571629685, 0.01816251669106542], [-0.01829318999949872, -0.015968488810176297, 0.9997051398111153], [-0.007997759167836654, -0.9998381266113069, -0.01611696071488839]], "fy": 50.00000000000003, "fx": 50.00000000000003}, {"id": 62, "img_name": "frame_130", "width": 1080, "height": 1080, "position": [-0.0002789070892494074, -1.8076531138530996, -0.1644739864906825], "rotation": [[0.99980067765927, -0.008290231571629685, 0.01816251669106542], [-0.01829318999949872, -0.015968488810176297, 0.9997051398111153], [-0.007997759167836654, -0.9998381266113069, -0.01611696071488839]], "fy": 50.00000000000003, "fx": 50.00000000000003}, {"id": 63, "img_name": "frame_131", "width": 1080, "height": 1080, "position": [-0.0002789069856601602, -1.7249489791620156, -0.16447398642661248], "rotation": [[0.99980067765927, -0.008290231571629685, 0.01816251669106542], [-0.01829318999949872, -0.015968488810176297, 0.9997051398111153], [-0.007997759167836654, -0.9998381266113069, -0.01611696071488839]], "fy": 50.00000000000003, "fx": 50.00000000000003}, {"id": 64, "img_name": "frame_132", "width": 1080, "height": 1080, "position": [-0.0002789056940766286, -1.6428046971965875, -0.16447398706723657], "rotation": [[0.99980067765927, -0.008290231571629685, 0.01816251669106542], [-0.01829318999949872, -0.015968488810176297, 0.9997051398111153], [-0.007997759167836654, -0.9998381266113069, -0.01611696071488839]], "fy": 50.00000000000003, "fx": 50.00000000000003}, {"id": 65, "img_name": "frame_133", "width": 1080, "height": 1080, "position": [-0.0002789056913637568, -1.5612379161111694, -0.16447398969993682], "rotation": [[0.99980067765927, -0.008290231571629685, 0.01816251669106542], [-0.01829318999949872, -0.015968488810176297, 0.9997051398111153], [-0.007997759167836654, -0.9998381266113069, -0.01611696071488839]], "fy": 50.00000000000003, "fx": 50.00000000000003}, {"id": 66, "img_name": "frame_134", "width": 1080, "height": 1080, "position": [-0.0002789063348655712, -1.480271411509692, -0.16447398826495216], "rotation": [[0.99980067765927, -0.008290231571629685, 0.01816251669106542], [-0.01829318999949872, -0.015968488810176297, 0.9997051398111153], [-0.007997759167836654, -0.9998381266113069, -0.01611696071488839]], "fy": 50.00000000000003, "fx": 50.00000000000003}, {"id": 67, "img_name": "frame_136", "width": 1080, "height": 1080, "position": [-0.0002789069941301756, -1.3202010003842657, -0.1644739703377724], "rotation": [[0.99980067765927, -0.008290231571629685, 0.01816251669106542], [-0.01829318999949872, -0.015968488810176297, 0.9997051398111153], [-0.007997759167836654, -0.9998381266113069, -0.01611696071488839]], "fy": 50.00000000000003, "fx": 50.00000000000003}, {"id": 68, "img_name": "frame_137", "width": 1080, "height": 1080, "position": [-0.0002789066906458757, -1.2411352523564543, -0.16447397036614975], "rotation": [[0.99980067765927, -0.008290231571629685, 0.01816251669106542], [-0.01829318999949872, -0.015968488810176297, 0.9997051398111153], [-0.007997759167836654, -0.9998381266113069, -0.01611696071488839]], "fy": 50.00000000000003, "fx": 50.00000000000003}, {"id": 69, "img_name": "frame_138", "width": 1080, "height": 1080, "position": [-0.0002789076294666058, -1.1627403736003692, -0.164473971550855], "rotation": [[0.99980067765927, -0.008290231571629685, 0.01816251669106542], [-0.01829318999949872, -0.015968488810176297, 0.9997051398111153], [-0.007997759167836654, -0.9998381266113069, -0.01611696071488839]], "fy": 50.00000000000003, "fx": 50.00000000000003}, {"id": 70, "img_name": "frame_139", "width": 1080, "height": 1080, "position": [-0.00027890673402390626, -1.08503544317724, -0.1644739672757708], "rotation": [[0.99980067765927, -0.008290231571629685, 0.01816251669106542], [-0.01829318999949872, -0.015968488810176297, 0.9997051398111153], [-0.007997759167836654, -0.9998381266113069, -0.01611696071488839]], "fy": 50.00000000000003, "fx": 50.00000000000003}, {"id": 71, "img_name": "frame_14", "width": 1080, "height": 1080, "position": [-0.00027892454766513975, -10.299722464212001, -0.1644742989739988], "rotation": [[0.99980067765927, -0.008290231571629685, 0.01816251669106542], [-0.01829318999949872, -0.015968488810176297, 0.9997051398111153], [-0.007997759167836654, -0.9998381266113069, -0.01611696071488839]], "fy": 50.00000000000003, "fx": 50.00000000000003}, {"id": 72, "img_name": "frame_140", "width": 1080, "height": 1080, "position": [-0.00027890576359964773, -1.0080357244990383, -0.16447396711397888], "rotation": [[0.99980067765927, -0.008290231571629685, 0.01816251669106542], [-0.01829318999949872, -0.015968488810176297, 0.9997051398111153], [-0.007997759167836654, -0.9998381266113069, -0.01611696071488839]], "fy": 50.00000000000003, "fx": 50.00000000000003}, {"id": 73, "img_name": "frame_141", "width": 1080, "height": 1080, "position": [-0.0002789056178973629, -0.9317656030075813, -0.16447396908923692], "rotation": [[0.99980067765927, -0.008290231571629685, 0.01816251669106542], [-0.01829318999949872, -0.015968488810176297, 0.9997051398111153], [-0.007997759167836654, -0.9998381266113069, -0.01611696071488839]], "fy": 50.00000000000003, "fx": 50.00000000000003}, {"id": 74, "img_name": "frame_143", "width": 1080, "height": 1080, "position": [-0.00027890586861546875, -0.7814713290281894, -0.16447396049615978], "rotation": [[0.99980067765927, -0.008290231571629685, 0.01816251669106542], [-0.01829318999949872, -0.015968488810176297, 0.9997051398111153], [-0.007997759167836654, -0.9998381266113069, -0.01611696071488839]], "fy": 50.00000000000003, "fx": 50.00000000000003}, {"id": 75, "img_name": "frame_144", "width": 1080, "height": 1080, "position": [-0.00027890654532668733, -0.7074890909793236, -0.16447395116770414], "rotation": [[0.99980067765927, -0.008290231571629685, 0.01816251669106542], [-0.01829318999949872, -0.015968488810176297, 0.9997051398111153], [-0.007997759167836654, -0.9998381266113069, -0.01611696071488839]], "fy": 50.00000000000003, "fx": 50.00000000000003}, {"id": 76, "img_name": "frame_145", "width": 1080, "height": 1080, "position": [-0.00027890643883234014, -0.6343041214876961, -0.16447395116603697], "rotation": [[0.99980067765927, -0.008290231571629685, 0.01816251669106542], [-0.01829318999949872, -0.015968488810176297, 0.9997051398111153], [-0.007997759167836654, -0.9998381266113069, -0.01611696071488839]], "fy": 50.00000000000003, "fx": 50.00000000000003}, {"id": 77, "img_name": "frame_146", "width": 1080, "height": 1080, "position": [-0.0002789066343644492, -0.5619374074388834, -0.1644739531776764], "rotation": [[0.99980067765927, -0.008290231571629685, 0.01816251669106542], [-0.01829318999949872, -0.015968488810176297, 0.9997051398111153], [-0.007997759167836654, -0.9998381266113069, -0.01611696071488839]], "fy": 50.00000000000003, "fx": 50.00000000000003}, {"id": 78, "img_name": "frame_147", "width": 1080, "height": 1080, "position": [-0.00027890508200020695, -0.490407014318207, -0.1644739518623148], "rotation": [[0.99980067765927, -0.008290231571629685, 0.01816251669106542], [-0.01829318999949872, -0.015968488810176297, 0.9997051398111153], [-0.007997759167836654, -0.9998381266113069, -0.01611696071488839]], "fy": 50.00000000000003, "fx": 50.00000000000003}, {"id": 79, "img_name": "frame_148", "width": 1080, "height": 1080, "position": [-0.00027890523165351725, -0.4197311565275522, -0.16447393945568467], "rotation": [[0.99980067765927, -0.008290231571629685, 0.01816251669106542], [-0.01829318999949872, -0.015968488810176297, 0.9997051398111153], [-0.007997759167836654, -0.9998381266113069, -0.01611696071488839]], "fy": 50.00000000000003, "fx": 50.00000000000003}, {"id": 80, "img_name": "frame_149", "width": 1080, "height": 1080, "position": [-0.00027890535618643725, -0.349927929830192, -0.16447393993837803], "rotation": [[0.99980067765927, -0.008290231571629685, 0.01816251669106542], [-0.01829318999949872, -0.015968488810176297, 0.9997051398111153], [-0.007997759167836654, -0.9998381266113069, -0.01611696071488839]], "fy": 50.00000000000003, "fx": 50.00000000000003}, {"id": 81, "img_name": "frame_150", "width": 1080, "height": 1080, "position": [-0.0002789047740658095, -0.28101730758690463, -0.16447394729506815], "rotation": [[0.99980067765927, -0.008290231571629685, 0.01816251669106542], [-0.01829318999949872, -0.015968488810176297, 0.9997051398111153], [-0.007997759167836654, -0.9998381266113069, -0.01611696071488839]], "fy": 50.00000000000003, "fx": 50.00000000000003}, {"id": 82, "img_name": "frame_151", "width": 1080, "height": 1080, "position": [-0.00027890490199663636, -0.21301556629263493, -0.16447394001808038], "rotation": [[0.99980067765927, -0.008290231571629685, 0.01816251669106542], [-0.01829318999949872, -0.015968488810176297, 0.9997051398111153], [-0.007997759167836654, -0.9998381266113069, -0.01611696071488839]], "fy": 50.00000000000003, "fx": 50.00000000000003}, {"id": 83, "img_name": "frame_152", "width": 1080, "height": 1080, "position": [-0.0002789051247459129, -0.14594174073883903, -0.1644739419850723], "rotation": [[0.99980067765927, -0.008290231571629685, 0.01816251669106542], [-0.01829318999949872, -0.015968488810176297, 0.9997051398111153], [-0.007997759167836654, -0.9998381266113069, -0.01611696071488839]], "fy": 50.00000000000003, "fx": 50.00000000000003}, {"id": 84, "img_name": "frame_153", "width": 1080, "height": 1080, "position": [-0.00027890481699558155, -0.0798139557514408, -0.16447393199261712], "rotation": [[0.99980067765927, -0.008290231571629685, 0.01816251669106542], [-0.01829318999949872, -0.015968488810176297, 0.9997051398111153], [-0.007997759167836654, -0.9998381266113069, -0.01611696071488839]], "fy": 50.00000000000003, "fx": 50.00000000000003}, {"id": 85, "img_name": "frame_154", "width": 1080, "height": 1080, "position": [-0.00027890492453859684, -0.01465129359256501, -0.16447393314727138], "rotation": [[0.99980067765927, -0.008290231571629685, 0.01816251669106542], [-0.01829318999949872, -0.015968488810176297, 0.9997051398111153], [-0.007997759167836654, -0.9998381266113069, -0.01611696071488839]], "fy": 50.00000000000003, "fx": 50.00000000000003}, {"id": 86, "img_name": "frame_155", "width": 1080, "height": 1080, "position": [-0.0002789047625900932, 0.04952717906817645, -0.16447392410741984], "rotation": [[0.99980067765927, -0.008290231571629685, 0.01816251669106542], [-0.01829318999949872, -0.015968488810176297, 0.9997051398111153], [-0.007997759167836654, -0.9998381266113069, -0.01611696071488839]], "fy": 50.00000000000003, "fx": 50.00000000000003}, {"id": 87, "img_name": "frame_156", "width": 1080, "height": 1080, "position": [-0.00027890506226669817, 0.11270523995275682, -0.16447392894769594], "rotation": [[0.99980067765927, -0.008290231571629685, 0.01816251669106542], [-0.01829318999949872, -0.015968488810176297, 0.9997051398111153], [-0.007997759167836654, -0.9998381266113069, -0.01611696071488839]], "fy": 50.00000000000003, "fx": 50.00000000000003}, {"id": 88, "img_name": "frame_158", "width": 1080, "height": 1080, "position": [-0.0002789051257271786, 0.2359810020555882, -0.16447392377336284], "rotation": [[0.99980067765927, -0.008290231571629685, 0.01816251669106542], [-0.01829318999949872, -0.015968488810176297, 0.9997051398111153], [-0.007997759167836654, -0.9998381266113069, -0.01611696071488839]], "fy": 50.00000000000003, "fx": 50.00000000000003}, {"id": 89, "img_name": "frame_159", "width": 1080, "height": 1080, "position": [-0.0002789043065592854, 0.2960434329418358, -0.16447391679430123], "rotation": [[0.99980067765927, -0.008290231571629685, 0.01816251669106542], [-0.01829318999949872, -0.015968488810176297, 0.9997051398111153], [-0.007997759167836654, -0.9998381266113069, -0.01611696071488839]], "fy": 50.00000000000003, "fx": 50.00000000000003}, {"id": 90, "img_name": "frame_16", "width": 1080, "height": 1080, "position": [-0.00027892704105000107, -10.252128665043404, -0.16447428117437335], "rotation": [[0.99980067765927, -0.008290231571629685, 0.01816251669106542], [-0.01829318999949872, -0.015968488810176297, 0.9997051398111153], [-0.007997759167836654, -0.9998381266113069, -0.01611696071488839]], "fy": 50.00000000000003, "fx": 50.00000000000003}, {"id": 91, "img_name": "frame_160", "width": 1080, "height": 1080, "position": [-0.0002789045659091734, 0.3550310390469517, -0.1644739126169569], "rotation": [[0.99980067765927, -0.008290231571629685, 0.01816251669106542], [-0.01829318999949872, -0.015968488810176297, 0.9997051398111153], [-0.007997759167836654, -0.9998381266113069, -0.01611696071488839]], "fy": 50.00000000000003, "fx": 50.00000000000003}, {"id": 92, "img_name": "frame_161", "width": 1080, "height": 1080, "position": [-0.00027890448081493605, 0.4129257397551571, -0.16447392055774773], "rotation": [[0.99980067765927, -0.008290231571629685, 0.01816251669106542], [-0.01829318999949872, -0.015968488810176297, 0.9997051398111153], [-0.007997759167836654, -0.9998381266113069, -0.01611696071488839]], "fy": 50.00000000000003, "fx": 50.00000000000003}, {"id": 93, "img_name": "frame_162", "width": 1080, "height": 1080, "position": [-0.00027890447168934325, 0.4697065782123595, -0.16447391888476562], "rotation": [[0.99980067765927, -0.008290231571629685, 0.01816251669106542], [-0.01829318999949872, -0.015968488810176297, 0.9997051398111153], [-0.007997759167836654, -0.9998381266113069, -0.01611696071488839]], "fy": 50.00000000000003, "fx": 50.00000000000003}, {"id": 94, "img_name": "frame_163", "width": 1080, "height": 1080, "position": [-0.0002789048056001369, 0.5253572774221608, -0.16447391589900678], "rotation": [[0.99980067765927, -0.008290231571629685, 0.01816251669106542], [-0.01829318999949872, -0.015968488810176297, 0.9997051398111153], [-0.007997759167836654, -0.9998381266113069, -0.01611696071488839]], "fy": 50.00000000000003, "fx": 50.00000000000003}, {"id": 95, "img_name": "frame_165", "width": 1080, "height": 1080, "position": [-0.0002789056176753497, 0.6331968305481858, -0.1644739127969539], "rotation": [[0.99980067765927, -0.008290231571629685, 0.01816251669106542], [-0.01829318999949872, -0.015968488810176297, 0.9997051398111153], [-0.007997759167836654, -0.9998381266113069, -0.01611696071488839]], "fy": 50.00000000000003, "fx": 50.00000000000003}, {"id": 96, "img_name": "frame_166", "width": 1080, "height": 1080, "position": [-0.0002789060145945961, 0.6853456481157806, -0.16447391411151122], "rotation": [[0.99980067765927, -0.008290231571629685, 0.01816251669106542], [-0.01829318999949872, -0.015968488810176297, 0.9997051398111153], [-0.007997759167836654, -0.9998381266113069, -0.01611696071488839]], "fy": 50.00000000000003, "fx": 50.00000000000003}, {"id": 97, "img_name": "frame_167", "width": 1080, "height": 1080, "position": [-0.0002789058975940275, 0.7362928395184