[{"id": 0, "img_name": "35200", "width": 384, "height": 216, "position": [-0.44160981740731897, -3.7771704107118653, 1.9754689123942515], "rotation": [[0.9990712828558896, -0.017768859834873117, -0.03925352713904491], [0.0198688508604976, 0.9983555231698603, 0.05377246620453306], [0.03823350020819969, -0.054502449269761985, 0.9977813801055955]], "fy": 1360.1869288780902, "fx": 1360.1869288780904}, {"id": 1, "img_name": "35240", "width": 384, "height": 216, "position": [-0.8369112494987548, -5.508296592149033, 0.9039239395278957], "rotation": [[0.999544075781005, -0.02512988501691445, -0.01673706814627269], [0.026969872424625046, 0.992318512119275, 0.12073357646813773], [0.013574481665823077, -0.12112992769924727, 0.9925438398695945]], "fy": 1360.1869288780902, "fx": 1360.1869288780904}, {"id": 2, "img_name": "35280", "width": 384, "height": 216, "position": [1.5814319842947002, -2.0615875968321404, 0.5933260427655459], "rotation": [[0.9964804688082163, -0.016777033622207362, -0.0821292056859], [0.01739118154684488, 0.9998258544780808, 0.006768125411119868], [0.08200135418492932, -0.00817262870900718, 0.9965987086344344]], "fy": 1360.1869288780902, "fx": 1360.1869288780904}, {"id": 3, "img_name": "35320", "width": 384, "height": 216, "position": [2.668853441213028, 3.0585527964395833, 2.1637892720763787], "rotation": [[0.9922967228346444, -0.0491998773088587, -0.11369514468269129], [0.025967123190346907, 0.9799719876389554, -0.1974350828909902], [0.12113183877429667, 0.19296184989719617, 0.9737005710789174]], "fy": 1360.1869288780902, "fx": 1360.1869288780904}, {"id": 4, "img_name": "35360", "width": 384, "height": 216, "position": [1.3639830838208193, 2.8816070548483443, 1.4530581227216954], "rotation": [[0.997608141536313, -0.00707233899123093, -0.06876029349600535], [-0.00647348229315232, 0.9808210657969663, -0.19480280007203057], [0.06881925578981457, 0.1947819778883467, 0.9784292979681464]], "fy": 1360.1869288780902, "fx": 1360.1869288780904}, {"id": 5, "img_name": "35400", "width": 384, "height": 216, "position": [-0.5094025976881572, -1.2723086466859432, -0.33871063934230283], "rotation": [[0.9999970071895931, 0.0018524968437169994, -0.001598082382442778], [-0.0018979393555704396, 0.9995799561018529, -0.02891901079948283], [0.0015438387414598365, 0.02892195731381343, 0.9995804804752233]], "fy": 1360.1869288780902, "fx": 1360.1869288780904}, {"id": 6, "img_name": "35440", "width": 384, "height": 216, "position": [-0.8482100225029291, -3.480682901683588, -0.899706003643812], "rotation": [[0.999871344335762, -0.007396071132847971, 0.014233513550553233], [0.006557546733791811, 0.9982902311082772, 0.05808281204122799], [-0.014638762141317343, -0.0579820024281702, 0.9982102954975918]], "fy": 1360.1869288780902, "fx": 1360.1869288780904}, {"id": 7, "img_name": "35480", "width": 384, "height": 216, "position": [1.5586137469296937, 1.9062131300981329, 0.4195114825960914], "rotation": [[0.9978456956012094, -0.006042729493604871, -0.06532574676500606], [-0.003445261789863098, 0.9895482770564109, -0.1441608044715628], [0.06551410490373727, 0.14407530251558026, 0.9873956700653016]], "fy": 1360.1869288780902, "fx": 1360.1869288780904}, {"id": 8, "img_name": "35520", "width": 384, "height": 216, "position": [0.8986544587051924, 3.804216972211921, 1.9862297192223501], "rotation": [[0.9984750256272511, -0.017265611393767283, -0.05243588334203663], [0.0047030398021684775, 0.9729848323876503, -0.2308211371607784], [0.05500458722033537, 0.23022253279550003, 0.9715822563107795]], "fy": 1360.1869288780902, "fx": 1360.1869288780904}, {"id": 9, "img_name": "35560", "width": 384, "height": 216, "position": [-0.21659475452185184, 1.3105549712231275, -0.13265641471779], "rotation": [[0.9997316422387259, 0.02238976600239903, -0.005944904121847802], [-0.022976714959402053, 0.991075709894776, -0.13130501828277674], [0.002951961438524593, 0.13140637592949495, 0.9913241903074604]], "fy": 1360.1869288780902, "fx": 1360.1869288780904}, {"id": 10, "img_name": "35600", "width": 384, "height": 216, "position": [-2.4053918989988152, -4.5825612623057825, -0.8741699681106291], "rotation": [[0.9977790114309043, 0.003867010884534318, 0.06649880130338001], [-0.009208922301821274, 0.9967351873267422, 0.08021322892617692], [-0.06597150974478713, -0.08064745855600867, 0.9945570608720499]], "fy": 1360.1869288780902, "fx": 1360.1869288780904}, {"id": 11, "img_name": "35640", "width": 384, "height": 216, "position": [-1.0130409202159818, -2.8614590983671615, -0.8422485231507489], "rotation": [[0.9996329952216882, -0.001511851601230203, 0.027047905073263045], [0.0008858775442234177, 0.9997318373781013, 0.02314019346466522], [-0.027075636374664057, -0.023107739771369935, 0.9993662703321369]], "fy": 1360.1869288780902, "fx": 1360.1869288780904}, {"id": 12, "img_name": "35680", "width": 384, "height": 216, "position": [0.46861102885053096, 2.1619765738919643, 1.1550147967163993], "rotation": [[0.9997083608947138, 0.0015477352415658079, -0.024099744248163555], [-0.0057480952392391215, 0.9845132943449821, -0.1752156746958193], [0.023455331128029583, 0.17530310257839868, 0.9842350682982505]], "fy": 1360.1869288780902, "fx": 1360.1869288780904}, {"id": 13, "img_name": "35720", "width": 384, "height": 216, "position": [-0.5573820787051517, 2.4405484559843074, 0.9830347907111353], "rotation": [[0.9998564320349639, 0.016867607882292714, 0.0016121794691457423], [-0.016269888266229392, 0.9822741406525598, -0.1867426125475372], [-0.004733503365999607, 0.18668957231084013, 0.9824075516486421]], "fy": 1360.1869288780902, "fx": 1360.1869288780904}, {"id": 14, "img_name": "35760", "width": 384, "height": 216, "position": [-1.8737236375550819, -1.589112878657636, -1.2029949523219559], "rotation": [[0.9981916934433995, 0.0172950543404891, 0.05756929942215679], [-0.016059359837357002, 0.9996320863973108, -0.021858380694231103], [-0.05792616077570391, 0.020894327946100095, 0.9981021926423507]], "fy": 1360.1869288780902, "fx": 1360.1869288780904}, {"id": 15, "img_name": "35800", "width": 384, "height": 216, "position": [-1.4084794988676819, -3.4441222704499936, -2.2389838198519696], "rotation": [[0.9988868560748578, 0.002823060649162752, 0.047085869318272175], [-0.005545328608453898, 0.9983136509949252, 0.05778497700792906], [-0.04684333561469037, -0.057981760629992746, 0.9972180390179148]], "fy": 1360.1869288780902, "fx": 1360.1869288780904}, {"id": 16, "img_name": "35840", "width": 384, "height": 216, "position": [1.9514075406736695, 3.449936047105844, -0.22358203591714665], "rotation": [[0.9982533809549012, -0.003180853333594787, -0.05899211459321377], [-0.007376893154855921, 0.9840229306633332, -0.17788887929301933], [0.05861543192275005, 0.178013353714868, 0.9822807526566397]], "fy": 1360.1869288780902, "fx": 1360.1869288780904}, {"id": 17, "img_name": "35880", "width": 384, "height": 216, "position": [1.2501008868651304, 5.768000258541307, 1.223642659148107], "rotation": [[0.998813827351652, -0.017816037776588377, -0.045315859134383275], [0.004589581269008747, 0.9609613500120245, -0.27664457255988706], [0.04847549932614677, 0.27610844351633035, 0.9599032520957882]], "fy": 1360.1869288780902, "fx": 1360.1869288780904}, {"id": 18, "img_name": "35920", "width": 384, "height": 216, "position": [0.08705465756446347, 1.7434264002395077, -1.8224525423334303], "rotation": [[0.9997299264165314, 0.022524910814296036, 0.005718620463440737], [-0.021715590931813817, 0.993089761893982, -0.11533064610863938], [-0.008276915952152655, 0.1151753151250827, 0.9933106963323002]], "fy": 1360.1869288780902, "fx": 1360.1869288780904}, {"id": 19, "img_name": "35960", "width": 384, "height": 216, "position": [-1.0732945753548866, -1.8837501931939697, -3.113604552727556], "rotation": [[0.9987246413383682, 0.009260664838560766, 0.049631954125296904], [-0.010058076652015085, 0.9998239350503466, 0.01584089626575163], [-0.0494765184467331, -0.016319895440472628, 0.9986419454114684]], "fy": 1360.1869288780902, "fx": 1360.1869288780904}, {"id": 20, "img_name": "36000", "width": 384, "height": 216, "position": [1.0500083514653034, 0.014687495151080938, -3.2507893444841334], "rotation": [[0.9998574298479611, 0.016221592550340728, 0.004688273985202583], [-0.016048785866808867, 0.9992652500551942, -0.03480512181176502], [-0.005249423780846151, 0.03472491853498314, 0.9993831215218255]], "fy": 1360.1869288780902, "fx": 1360.1869288780904}, {"id": 21, "img_name": "35205", "width": 384, "height": 216, "position": [-0.5759049100581506, -3.9608788856240507, 1.8215486960275795], "rotation": [[0.9993120907231652, -0.016796558943594407, -0.03306389181797602], [0.018789666849822143, 0.9979655954640789, 0.06092305548558179], [0.03197332879399887, -0.061502405462558474, 0.9975946874197705]], "fy": 1360.1869288780902, "fx": 1360.1869288780904}, {"id": 22, "img_name": "35210", "width": 384, "height": 216, "position": [-0.7458792551798965, -4.3056434744831265, 1.7064276692673497], "rotation": [[0.9994718498751505, -0.01723226440461301, -0.027551231744410477], [0.019204024333309856, 0.9971483124645472, 0.07298252118494838], [0.026215010138284266, -0.07347306998210504, 0.9969525972837697]], "fy": 1360.1869288780902, "fx": 1360.1869288780904}, {"id": 23, "img_name": "35215", "width": 384, "height": 216, "position": [-0.8140077609230373, -4.539035404768404, 1.5377976358526468], "rotation": [[0.999603384315862, -0.016751910842383116, -0.022637304331655447], [0.01857837398724274, 0.9963728208703724, 0.0830424340371054], [0.021164075322708562, -0.08343006241125381, 0.9962888670469972]], "fy": 1360.1869288780902, "fx": 1360.1869288780904}, {"id": 24, "img_name": "35220", "width": 384, "height": 216, "position": [-0.8315435196775858, -4.73857987994128, 1.376196443666902], "rotation": [[0.999639175204741, -0.017005959886871, -0.02079222749758904], [0.01881764354590989, 0.9957374979737091, 0.09029247709768796], [0.01916809034213998, -0.09065115805870086, 0.9956982232861783]], "fy": 1360.1869288780902, "fx": 1360.1869288780904}, {"id": 25, "img_name": "35225", "width": 384, "height": 216, "position": [-0.8945606089572443, -5.060109691097597, 1.2481191744689175], "rotation": [[0.9997342304277936, -0.015833845836125366, -0.016755829940200445], [0.0174991530222771, 0.9943792590284675, 0.1044206342515634], [0.015008269535493845, -0.10468609525640767, 0.9943920621694021]], "fy": 1360.1869288780902, "fx": 1360.1869288780904}, {"id": 26, "img_name": "35230", "width": 384, "height": 216, "position": [-0.820840395282265, -5.277393554597285, 1.1335850047721672], "rotation": [[0.9997032910368989, -0.02085632836127292, -0.012583459670538043], [0.022132209688474663, 0.993502043561858, 0.11164163530116092], [0.010173258293127279, -0.11188700999534662, 0.9936688592332973]], "fy": 1360.1869288780902, "fx": 1360.1869288780904}, {"id": 27, "img_name": "35235", "width": 384, "height": 216, "position": [-0.7444528093614132, -5.317587856332965, 0.9889541125145036], "rotation": [[0.9995891908093109, -0.024657027704213474, -0.014610975394570657], [0.026165790117012977, 0.9931204691060163, 0.11413625747411944], [0.011696197875357868, -0.11447167696613739, 0.993357656701664]], "fy": 1360.1869288780902, "fx": 1360.1869288780904}, {"id": 28, "img_name": "35245", "width": 384, "height": 216, "position": [-0.6805757027218611, -5.617725335228955, 0.6805426596387311], "rotation": [[0.9995731419439273, -0.019770969847896735, -0.02150912958765976], [0.022298230432342785, 0.9919780151205995, 0.12442831846883412], [0.018876515142666677, -0.12485482076663687, 0.9919954389549377]], "fy": 1360.1869288780902, "fx": 1360.1869288780904}, {"id": 29, "img_name": "35250", "width": 384, "height": 216, "position": [-0.6146801157771964, -5.551963925945728, 0.625682750647139], "rotation": [[0.999387299905064, -0.023214228275978882, -0.026193976292582993], [0.02616463918829665, 0.9925992563426455, 0.11858384360516129], [0.023247288973381568, -0.11919654321152875, 0.9925984825909266]], "fy": 1360.1869288780902, "fx": 1360.1869288780904}, {"id": 30, "img_name": "35255", "width": 384, "height": 216, "position": [-0.5240668726898775, -5.398944375407533, 0.6047230768147607], "rotation": [[0.9992860788300152, -0.02432798901781827, -0.028904698699030187], [0.027471240018883347, 0.9931169228483708, 0.11386003918850449], [0.025935759644893867, -0.11457280001174706, 0.9930762356783646]], "fy": 1360.1869288780902, "fx": 1360.1869288780904}, {"id": 31, "img_name": "35260", "width": 384, "height": 216, "position": [-0.4147837508195404, -5.095666352006181, 0.5198910067024595], "rotation": [[0.9992784484860431, -0.022826645613307255, -0.03035665728256361], [0.025943320863577493, 0.9939645104096639, 0.10659031920698378], [0.027740340551190176, -0.107300961301014, 0.9938395128037435]], "fy": 1360.1869288780902, "fx": 1360.1869288780904}, {"id": 32, "img_name": "35265", "width": 384, "height": 216, "position": [-0.21692448891370802, -4.398548574815288, 0.5948931171047034], "rotation": [[0.9989880664575687, -0.026140447891664396, -0.036599454359205516], [0.02914522141439808, 0.9960284970333452, 0.08412959744466353], [0.03425491415949106, -0.0851111630840432, 0.9957824515296537]], "fy": 1360.1869288780902, "fx": 1360.1869288780904}, {"id": 33, "img_name": "35270", "width": 384, "height": 216, "position": [0.3775400372308129, -3.318142671565274, 0.5621110165482406], "rotation": [[0.9982801326976882, -0.022729632736396645, -0.05403832396322546], [0.025071455417876636, 0.9987578201716114, 0.04306087283463482], [0.05299244082239848, -0.04434163327753831, 0.9976099542275851]], "fy": 1360.1869288780902, "fx": 1360.1869288780904}, {"id": 34, "img_name": "35275", "width": 384, "height": 216, "position": [1.1347453586204654, -2.327112971465004, 0.47532383408739554], "rotation": [[0.9971176557614331, -0.016397867586210705, -0.07407759787850492], [0.017245237082617177, 0.9997928103105163, 0.010813799025528294], [0.07388492651947828, -0.012060115672135635, 0.9971938483781306]], "fy": 1360.1869288780902, "fx": 1360.1869288780904}, {"id": 35, "img_name": "35285", "width": 384, "height": 216, "position": [1.8242070240637371, -1.3486792560599956, 0.8172199540485865], "rotation": [[0.9958259342718091, -0.02476014918473547, -0.08785012034156721], [0.02328640315124511, 0.9995710494859594, -0.017761206541660197], [0.08825220711096057, 0.0156413567789842, 0.995975349041409]], "fy": 1360.1869288780902, "fx": 1360.1869288780904}, {"id": 36, "img_name": "35290", "width": 384, "height": 216, "position": [2.28380077635658, -0.3519398960292055, 0.932316823323573], "rotation": [[0.9941848085302449, -0.02848685935688786, -0.1038511691395983], [0.022595944579790708, 0.9980916971917914, -0.057466401360764724], [0.105290026955204, 0.05478560797134924, 0.9929312903635288]], "fy": 1360.1869288780902, "fx": 1360.1869288780904}, {"id": 37, "img_name": "35295", "width": 384, "height": 216, "position": [2.296040661678259, 0.11438309599763263, 1.0609632622773377], "rotation": [[0.9941126815700737, -0.03225256341856107, -0.10343958862296833], [0.024315398857718228, 0.9967271428191185, -0.07709581146876145], [0.10558758317125787, 0.07412674902198552, 0.9916433266852976]], "fy": 1360.1869288780902, "fx": 1360.1869288780904}, {"id": 38, "img_name": "35300", "width": 384, "height": 216, "position": [2.370474661349587, 0.8454933573448271, 1.3286127439932653], "rotation": [[0.9935266393844842, -0.03656809490432022, -0.1075527371499301], [0.02472414427510467, 0.9936833683590571, -0.10946268833014405], [0.11087620810271759, 0.10609494748416191, 0.9881550124323084]], "fy": 1360.1869288780902, "fx": 1360.1869288780904}, {"id": 39, "img_name": "35305", "width": 384, "height": 216, "position": [2.6647682453467114, 1.69457431249643, 1.564693276366076], "rotation": [[0.9921892749750937, -0.04290651603102594, -0.11713015626420567], [0.02597070438356737, 0.9894597222432399, -0.14246045266020974], [0.12200805357934072, 0.1383057805748184, 0.9828456368735483]], "fy": 1360.1869288780902, "fx": 1360.1869288780904}, {"id": 40, "img_name": "35310", "width": 384, "height": 216, "position": [2.6954064405501152, 2.2064599274235825, 1.737521275428253], "rotation": [[0.9922950418587311, -0.04402936007696125, -0.11581003995246858], [0.02486540269159033, 0.9864788572646073, -0.1619912834658075], [0.12137652842112485, 0.15786348412830578, 0.9799728867307034]], "fy": 1360.1869288780902, "fx": 1360.1869288780904}, {"id": 41, "img_name": "35315", "width": 384, "height": 216, "position": [2.6476048667628618, 2.784144689527178, 2.029567491615214], "rotation": [[0.9922859019789846, -0.04783079697581035, -0.1143717779629726], [0.02584733805766373, 0.9821194277983427, -0.18647612355577511], [0.12124604673590615, 0.1820814224508219, 0.9757795610429643]], "fy": 1360.1869288780902, "fx": 1360.1869288780904}, {"id": 42, "img_name": "35325", "width": 384, "height": 216, "position": [2.627207238259449, 3.4026477821857646, 2.3082787814175973], "rotation": [[0.9926047071046247, -0.04814526119852074, -0.11143576292137405], [0.02376561324269138, 0.9772951886732495, -0.21054526787205716], [0.11904239186500445, 0.20633988470541442, 0.9712120061648821]], "fy": 1360.1869288780902, "fx": 1360.1869288780904}, {"id": 43, "img_name": "35330", "width": 384, "height": 216, "position": [2.5518259867014628, 3.3366155653906033, 2.358196178255314], "rotation": [[0.9931505014700496, -0.044843634786668723, -0.10789406771879934], [0.021689772650015322, 0.9781251753446061, -0.20688328864235098], [0.11481130254543595, 0.20312604406181783, 0.9723981566372988]], "fy": 1360.1869288780902, "fx": 1360.1869288780904}, {"id": 44, "img_name": "35335", "width": 384, "height": 216, "position": [2.3537275263275172, 3.4096028161971472, 2.483524658958517], "rotation": [[0.9939904207393438, -0.04440193822695987, -0.10005754024615704], [0.02219310501557245, 0.9768004564402368, -0.2129984375245808], [0.10719379444813895, 0.2094978190335981, 0.97191571355338]], "fy": 1360.1869288780902, "fx": 1360.1869288780904}, {"id": 45, "img_name": "35340", "width": 384, "height": 216, "position": [2.128849293932657, 3.5794161137768277, 2.490255311964606], "rotation": [[0.9946720150045447, -0.0421833807959119, -0.0940645786224858], [0.02046153873681835, 0.975079915909956, -0.22090831360896007], [0.10103914092726837, 0.21780661140943375, 0.9707478416288235]], "fy": 1360.1869288780902, "fx": 1360.1869288780904}, {"id": 46, "img_name": "35345", "width": 384, "height": 216, "position": [1.931360948163721, 3.607434709616635, 2.3280137230706437], "rotation": [[0.9953882538463327, -0.0343077859689208, -0.08958348021069168], [0.013544747105565311, 0.9747683825178325, -0.22280740622657685], [0.09496717291040598, 0.22056648944361265, 0.9707376884637404]], "fy": 1360.1869288780902, "fx": 1360.1869288780904}, {"id": 47, "img_name": "35350", "width": 384, "height": 216, "position": [1.7674912587158247, 3.429272771584576, 2.0853194186183472], "rotation": [[0.9961111348051712, -0.025139153150632487, -0.08444305830571892], [0.006341405305891881, 0.9764004400179248, -0.2158748880985222], [0.08787715115944762, 0.21449989210177267, 0.9727627678896985]], "fy": 1360.1869288780902, "fx": 1360.1869288780904}, {"id": 48, "img_name": "35355", "width": 384, "height": 216, "position": [1.6009741073676464, 3.3012586463661364, 1.8200646218920553], "rotation": [[0.996745350529205, -0.01652670816942945, -0.07890230741553156], [-0.0006393301481016252, 0.9771087355301974, -0.21273953607061505], [0.08061201805794382, 0.21209758807601112, 0.973918023078413]], "fy": 1360.1869288780902, "fx": 1360.1869288780904}, {"id": 49, "img_name": "35365", "width": 384, "height": 216, "position": [1.196639606593477, 2.4747274879139436, 1.0960199853809132], "rotation": [[0.9981542588221146, 0.005884903117325339, -0.06044372184582042], [-0.01651984879986367, 0.9840732626363156, -0.17699409131365573], [0.05843945748297853, 0.1776659271768697, 0.9823541358031117]], "fy": 1360.1869288780902, "fx": 1360.1869288780904}, {"id": 50, "img_name": "35370", "width": 384, "height": 216, "position": [0.8605302918317069, 1.893941976085206, 0.7819932450584073], "rotation": [[0.9988259394229707, 0.007979437695140763, -0.047781495475649874], [-0.015268466975015656, 0.9879231000111462, -0.15419086347964817], [0.04597408674517677, 0.15473938425118539, 0.9868850522272139]], "fy": 1360.1869288780902, "fx": 1360.1869288780904}, {"id": 51, "img_name": "35375", "width": 384, "height": 216, "position": [0.5502232626594207, 1.3649673051633187, 0.5255006221594959], "rotation": [[0.9993083740659325, 0.006143392934642766, -0.0366746812522329], [-0.010970388663453779, 0.9910679456362361, -0.13290589793136903], [0.03553060785119032, 0.13321631227301445, 0.9904498927508162]], "fy": 1360.1869288780902, "fx": 1360.1869288780904}, {"id": 52, "img_name": "35380", "width": 384, "height": 216, "position": [0.283965385558879, 0.477085778596169, 0.16341379570738918], "rotation": [[0.9996229846859295, 0.011581922088192281, -0.02489472973014917], [-0.013835805884674677, 0.9956295170784278, -0.0923603551189471], [0.023716217302000978, 0.09266997249875202, 0.9954143947291324]], "fy": 1360.1869288780902, "fx": 1360.1869288780904}, {"id": 53, "img_name": "35385", "width": 384, "height": 216, "position": [0.0927782597573587, -0.08844416924301175, -0.012539943580076419], "rotation": [[0.999821401566768, 0.01005666551694357, -0.016000888967300442], [-0.011153602263721231, 0.9974838151314083, -0.07001168264963509], [0.015256543697911124, 0.07017764622421317, 0.9974178341321268]], "fy": 1360.1869288780902, "fx": 1360.1869288780904}, {"id": 54, "img_name": "35390", "width": 384, "height": 216, "position": [-0.27572392278979824, -0.6101760314481347, -0.07495235897740311], "rotation": [[0.9999790753036771, 0.0033285209186678434, -0.0055470625827370714], [-0.0036083891342088116, 0.9986802754234813, -0.05123169924895968], [0.005369216205270082, 0.05125064320156112, 0.9986713889407103]], "fy": 1360.1869288780902, "fx": 1360.1869288780904}, {"id": 55, "img_name": "35395", "width": 384, "height": 216, "position": [-0.42255613096860634, -0.9241310934505726, -0.22057597922014371], "rotation": [[0.9999956743089257, 0.000913611973327343, -0.0027958320048567117], [-0.0010261017653475418, 0.9991789495126984, -0.04050153041389893], [0.002756533802502491, 0.04050422402494613, 0.9991755648320934]], "fy": 1360.1869288780902, "fx": 1360.1869288780904}, {"id": 56, "img_name": "35405", "width": 384, "height": 216, "position": [-0.5615865994874377, -1.5585404641889191, -0.45185887656337875], "rotation": [[0.9999987049117458, 0.0008911477410352392, -0.001340160637752676], [-0.0009152981504958031, 0.9998352333883035, -0.018129211363224238], [0.0013237840182721767, 0.018130414530848647, 0.9998347541793157]], "fy": 1360.1869288780902, "fx": 1360.1869288780904}, {"id": 57, "img_name": "35410", "width": 384, "height": 216, "position": [-0.6915870428390644, -1.8294128822036282, -0.5242389542729727], "rotation": [[0.999995381648409, 0.00027245686633146075, 0.00302695376722625], [-0.0002463074057355287, 0.9999626796998724, -0.00863588675887234], [-0.0030291937070475007, 0.0086351013141813, 0.9999581286287834]], "fy": 1360.1869288780902, "fx": 1360.1869288780904}, {"id": 58, "img_name": "35415", "width": 384, "height": 216, "position": [-0.6946334501094931, -2.0505020311637927, -0.6341742149665244], "rotation": [[0.9999939054128566, -0.001003941826349793, 0.0033438358142110582], [0.001006215012018332, 0.9999992637872019, -0.0006782008580225082], [-0.003343152478228302, 0.0006815613424622617, 0.999994179385882]], "fy": 1360.1869288780902, "fx": 1360.1869288780904}, {"id": 59, "img_name": "35420", "width": 384, "height": 216, "position": [-0.8768087863619405, -2.5104326871832865, -0.7059483393704425], "rotation": [[0.9999347964434896, -0.003182332716353539, 0.010967024208938431], [0.0029976101846394703, 0.9998540584069187, 0.016818924472006305], [-0.011018947077555163, -0.01678495295485015, 0.9997984037592808]], "fy": 1360.1869288780902, "fx": 1360.1869288780904}, {"id": 60, "img_name": "35425", "width": 384, "height": 216, "position": [-0.8413128493945761, -2.8482745095857087, -0.8914171534954562], "rotation": [[0.9999448419447751, -0.00232787633272114, 0.010241780109825214], [0.002005428331576008, 0.9995054524061158, 0.0313819831695324], [-0.010309768438009018, -0.03135971304437366, 0.9994549900183245]], "fy": 1360.1869288780902, "fx": 1360.1869288780904}, {"id": 61, "img_name": "35430", "width": 384, "height": 216, "position": [-1.038686219200268, -3.3584650184833285, -0.8692391329396213], "rotation": [[0.9998442364524108, -0.004834347838952981, 0.01697444885313539], [0.0039596281210811084, 0.9986809687321581, 0.051192226337023916], [-0.017199540053107306, -0.05111703994922195, 0.9985445528612086]], "fy": 1360.1869288780902, "fx": 1360.1869288780904}, {"id": 62, "img_name": "35435", "width": 384, "height": 216, "position": [-0.9792116970680227, -3.7837787329057924, -0.8613041244735326], "rotation": [[0.9997983565349529, -0.005712970044878622, 0.01925118810031564], [0.004379571771958043, 0.9976341539893228, 0.06860695405789792], [-0.019597592227150847, -0.06850880795397454, 0.9974580079440054]], "fy": 1360.1869288780902, "fx": 1360.1869288780904}, {"id": 63, "img_name": "35445", "width": 384, "height": 216, "position": [-1.0882692672722625, -3.280820868626932, -0.6541509404688032], "rotation": [[0.999794899326449, -0.010997437804600066, 0.01700634124523096], [0.010107218613294283, 0.9986180019609964, 0.05157451203191841], [-0.017550026003353047, -0.05139204725598477, 0.9985243382442515]], "fy": 1360.1869288780902, "fx": 1360.1869288780904}, {"id": 64, "img_name": "35450", "width": 384, "height": 216, "position": [-0.7045998531893388, -2.419560049644553, -0.5991316651694634], "rotation": [[0.9999744373387381, -0.0069450502527002855, 0.0017002782306094085], [0.006909702742745567, 0.9997764986751598, 0.019980207827877194], [-0.0018386617635962731, -0.019967948663439074, 0.9997989299599663]], "fy": 1360.1869288780902, "fx": 1360.1869288780904}, {"id": 65, "img_name": "35455", "width": 384, "height": 216, "position": [-0.2642571595178399, -1.4018240677163722, -0.270983035636438], "rotation": [[0.9998384838286699, -0.010407313299010646, -0.01465244297319845], [0.01005017142849222, 0.999655638935053, -0.024240412529675903], [0.014899674810025725, 0.024089237747325794, 0.9995987736663687]], "fy": 1360.1869288780902, "fx": 1360.1869288780904}, {"id": 66, "img_name": "35460", "width": 384, "height": 216, "position": [0.3077327952512622, -0.37087779795913856, -0.1266203009000729], "rotation": [[0.9995542791929959, -0.00236884294305755, -0.029759561994111606], [0.000561214674091327, 0.9981617805482043, -0.06060317558451766], [0.029848416793187376, 0.060559461985303494, 0.997718208503278]], "fy": 1360.1869288780902, "fx": 1360.1869288780904}, {"id": 67, "img_name": "35465", "width": 384, "height": 216, "position": [1.025100221507209, 0.6920302406948547, -0.055414825463918495], "rotation": [[0.9984844003597846, 0.0018755046706311967, -0.055003497346914135], [-0.007348314927383663, 0.9950137421134764, -0.09946685514815577], [0.054542685173078344, 0.09972028623889252, 0.9935194814428874]], "fy": 1360.1869288780902, "fx": 1360.1869288780904}, {"id": 68, "img_name": "35470", "width": 384, "height": 216, "position": [1.2464419807984268, 1.1701410886463812, 0.10227043020920387], "rotation": [[0.9983421176749442, -0.0019553397193932532, -0.05752558320338444], [-0.004834662142450545, 0.9930423305151936, -0.1176586411910371], [0.057355401822985236, 0.1177416937687522, 0.9913865297804834]], "fy": 1360.1869288780902, "fx": 1360.1869288780904}, {"id": 69, "img_name": "35475", "width": 384, "height": 216, "position": [1.3548020094725686, 1.446632260667753, 0.2390043139865768], "rotation": [[0.9982000670556077, -0.005568503921824442, -0.05971279506314137], [-0.0021169501149954483, 0.9917877310663613, -0.1278773436870252], [0.05993450302113731, 0.12777358205165712, 0.9899907914103533]], "fy": 1360.1869288780902, "fx": 1360.1869288780904}, {"id": 70, "img_name": "35485", "width": 384, "height": 216, "position": [1.6553867592105311, 2.1947159980508077, 0.5575722039480463], "rotation": [[0.9978989137293227, -0.009511142522229428, -0.06408819037669511], [-0.00020163698657056867, 0.988705604982542, -0.14987056421669795], [0.06478979333477863, 0.1495685957814259, 0.9866263314120545]], "fy": 1360.1869288780902, "fx": 1360.1869288780904}, {"id": 71, "img_name": "35490", "width": 384, "height": 216, "position": [1.536100136251884, 2.4504402092697144, 0.9126044013330427], "rotation": [[0.9979443286023826, -0.017004553160323704, -0.06178966080306033], [0.00663714909342574, 0.9863944217127508, -0.1642619647571503], [0.0637421780475939, 0.16351418894330053, 0.9844795806678589]], "fy": 1360.1869288780902, "fx": 1360.1869288780904}, {"id": 72, "img_name": "35495", "width": 384, "height": 216, "position": [1.5196682213577903, 3.0757590798998717, 1.2076368485253575], "rotation": [[0.9978441049798424, -0.01983985746306234, -0.06255815065059377], [0.007520925517450481, 0.981500480846156, -0.19131189659329947], [0.06519645570380324, 0.19042895303658453, 0.9795336829374743]], "fy": 1360.1869288780902, "fx": 1360.1869288780904}, {"id": 73, "img_name": "35500", "width": 384, "height": 216, "position": [1.2945457490196532, 3.212038956197224, 1.4686094606130158], "rotation": [[0.9982884254474005, -0.018834420188921862, -0.055366815276816334], [0.007277298544800933, 0.9793699368186856, -0.20194446707363353], [0.05802810132720015, 0.2011959032185078, 0.9778307358558785]], "fy": 1360.1869288780902, "fx": 1360.1869288780904}, {"id": 74, "img_name": "35505", "width": 384, "height": 216, "position": [1.3219462750309297, 3.4622758154387214, 1.7475732381392297], "rotation": [[0.9978579276132423, -0.024473900559217276, -0.06066782088407971], [0.010695287744575484, 0.9759378471462972, -0.21778643054036056], [0.0645381059488576, 0.216671056440098, 0.9741090730414464]], "fy": 1360.1869288780902, "fx": 1360.1869288780904}, {"id": 75, "img_name": "35510", "width": 384, "height": 216, "position": [1.3132622570374441, 3.9859934409305695, 1.9684776699736515], "rotation": [[0.9978349576433422, -0.02629488167529875, -0.06028247259852205], [0.011276588433568643, 0.971426312400748, -0.23707331804482876], [0.06479379490514064, 0.2358802636363769, 0.9696196498465901]], "fy": 1360.1869288780902, "fx": 1360.1869288780904}, {"id": 76, "img_name": "35515", "width": 384, "height": 216, "position": [1.1469328576204711, 3.965559981126059, 2.020546919861852], "rotation": [[0.9980162287813932, -0.021805569283307756, -0.05906034403215829], [0.007251079357956813, 0.9716727572209027, -0.2362191243800409], [0.0625382198108536, 0.23532226843832582, 0.9699032946845423]], "fy": 1360.1869288780902, "fx": 1360.1869288780904}, {"id": 77, "img_name": "35525", "width": 384, "height": 216, "position": [0.7789083190235105, 4.19055057185351, 2.0270211761847357], "rotation": [[0.9988055940214077, -0.009003410978969428, -0.04802420163091205], [-0.003112890935472913, 0.9691542040789551, -0.24643546543894854], [0.048761616683274285, 0.24629061554763126, 0.9679686138670006]], "fy": 1360.1869288780902, "fx": 1360.1869288780904}, {"id": 78, "img_name": "35530", "width": 384, "height": 216, "position": [0.41546173589663143, 3.799646304226972, 1.86223762447583], "rotation": [[0.9993433010072793, -0.006662448732929688, -0.03561710977543559], [-0.0017547888981286283, 0.9728989876150551, -0.23122387552656407], [0.03619236725882062, 0.2311345315492302, 0.9722483946387985]], "fy": 1360.1869288780902, "fx": 1360.1869288780904}, {"id": 79, "img_name": "35535", "width": 384, "height": 216, "position": [0.42368896092376734, 3.179508754190925, 1.4503863775567278], "rotation": [[0.9995009066180867, 0.0015526420886814245, -0.03155197255588497], [-0.00792293034278376, 0.9791887411141343, -0.20279703264619114], [0.030580465078318533, 0.20294580207006344, 0.9787123359689162]], "fy": 1360.1869288780902, "fx": 1360.1869288780904}, {"id": 80, "img_name": "35540", "width": 384, "height": 216, "position": [0.3212946724387254, 2.9857167315507867, 1.1615994000689096], "rotation": [[0.9996851115983083, 0.001253603648875938, -0.02506204553841136], [-0.006170560175804207, 0.9803647796946997, -0.1970959738839932], [0.024322866520923456, 0.1971885575079205, 0.9800638096328987]], "fy": 1360.1869288780902, "fx": 1360.1869288780904}, {"id": 81, "img_name": "35545", "width": 384, "height": 216, "position": [0.2871428947680421, 2.6416610802664318, 0.7515100236140645], "rotation": [[0.9996696070425583, 0.010177246159197104, -0.02360297472761303], [-0.01429936464476645, 0.9832568260182093, -0.18166326612541328], [0.021358954237818733, 0.18194075340399096, 0.9830774930414463]], "fy": 1360.1869288780902, "fx": 1360.1869288780904}, {"id": 82, "img_name": "35550", "width": 384, "height": 216, "position": [0.15362054638492986, 2.35151800691029, 0.4489797480964123], "rotation": [[0.9996194055017604, 0.01688993247959475, -0.021812251721039153], [-0.020371340028791197, 0.9850963514794058, -0.1707928183718346], [0.018602490417646084, 0.1711721603614263, 0.9850654997854018]], "fy": 1360.1869288780902, "fx": 1360.1869288780904}, {"id": 83, "img_name": "35555", "width": 384, "height": 216, "position": [-0.1814934941825619, 1.7233737643447264, 0.14153855688266173], "rotation": [[0.9998525215656512, 0.015105380814702257, -0.008170837732572217], [-0.016148966007429592, 0.988848883975094, -0.14804423513971102], [0.005843459223788963, 0.1481543523884938, 0.9889469863711836]], "fy": 1360.1869288780902, "fx": 1360.1869288780904}, {"id": 84, "img_name": "35565", "width": 384, "height": 216, "position": [-0.5620060826122438, 0.48660937653562863, -0.4586880244343908], "rotation": [[0.999819520273898, 0.018094970775667386, 0.005787824453106493], [-0.01742562210907239, 0.9948315611023038, -0.10003255834409604], [-0.007567996655921681, 0.09991364805361133, 0.9949673302974499]], "fy": 1360.1869288780902, "fx": 1360.1869288780904}, {"id": 85, "img_name": "35570", "width": 384, "height": 216, "position": [-0.8377404097297326, -0.4262345793001203, -0.6770970942900477], "rotation": [[0.9996276015521866, 0.02208734934239142, 0.01602520558527178], [-0.020994326420598765, 0.9976358937356383, -0.0654359365214533], [-0.017432626685855844, 0.0650751298832471, 0.9977280846991882]], "fy": 1360.1869288780902, "fx": 1360.1869288780904}, {"id": 86, "img_name": "35575", "width": 384, "height": 216, "position": [-1.4634395380881655, -1.539918838421868, -0.7699439149012988], "rotation": [[0.9992590512519741, 0.018207091619479504, 0.033909442722701064], [-0.01738487151369661, 0.999551430646108, -0.024386548254535362], [-0.03433824010424129, 0.02377896776730228, 0.9991273422134263]], "fy": 1360.1869288780902, "fx": 1360.1869288780904}, {"id": 87, "img_name": "35580", "width": 384, "height": 216, "position": [-1.9890012918504762, -2.612877634898918, -0.7557299451132152], "rotation": [[0.998636716472874, 0.018461747790910813, 0.04882491557372561], [-0.019120472148764257, 0.9997318983475602, 0.013059057056003612], [-0.048570732515425, -0.01397480929703255, 0.9987219776534544]], "fy": 1360.1869288780902, "fx": 1360.1869288780904}, {"id": 88, "img_name": "35585", "width": 384, "height": 216, "position": [-2.537388935038857, -3.6903925172375303, -0.6299861769282281], "rotation": [[0.9974872189403771, 0.016341143175195284, 0.06893631184158448], [-0.019997142493756483, 0.9984110885381439, 0.05268218461836014], [-0.0679658910239306, -0.05392833507356177, 0.9962290762337329]], "fy": 1360.1869288780902, "fx": 1360.1869288780904}, {"id": 89, "img_name": "35590", "width": 384, "height": 216, "position": [-2.6774619053293445, -4.291931911412528, -0.5802589681013269], "rotation": [[0.997293155997308, 0.0099304658842975, 0.07285428503698273], [-0.015302543411392278, 0.9971738300022733, 0.07355395926624145], [-0.07191796135925696, -0.07446971603221174, 0.99462659738618]], "fy": 1360.1869288780902, "fx": 1360.1869288780904}, {"id": 90, "img_name": "35595", "width": 384, "height": 216, "position": [-2.492394103592379, -4.674784706087365, -0.6955588683306682], "rotation": [[0.9976018343860993, 0.0033071159725307307, 0.06913496230876338], [-0.009166726429767583, 0.9963718348608006, 0.0846116884519121], [-0.06860430858227275, -0.08504251689634938, 0.9940126856151698]], "fy": 1360.1869288780902, "fx": 1360.1869288780904}, {"id": 91, "img_name": "35605", "width": 384, "height": 216, "position": [-2.449520002639282, -4.86954588335325, -0.9043777001054057], "rotation": [[0.9978232116304813, -0.004822048355008619, 0.06576918869116194], [-0.001129561860665551, 0.9959269820573786, 0.0901563669414686], [-0.06593604796645484, -0.0900344059776248, 0.9937536129840342]], "fy": 1360.1869288780902, "fx": 1360.1869288780904}, {"id": 92, "img_name": "35610", "width": 384, "height": 216, "position": [-2.5710884546726382, -5.012379519571206, -1.0384607479333143], "rotation": [[0.9977459488138986, -0.0012421254132317877, 0.06709306037073466], [-0.005162886371194461, 0.9954441271734332, 0.09520679744766088], [-0.0669056517027626, -0.09533859029993885, 0.9931939322055129]], "fy": 1360.1869288780902, "fx": 1360.1869288780904}, {"id": 93, "img_name": "35615", "width": 384, "height": 216, "position": [-2.536883208648329, -5.2288754174997925, -1.0581599052386028], "rotation": [[0.997810370518109, -0.0074569162204543024, 0.06571802558655772], [0.0007063607641690308, 0.9947687611639633, 0.10214995284768508], [-0.06613596253919023, -0.10187986166458302, 0.9925958534298943]], "fy": 1360.1869288780902, "fx": 1360.1869288780904}, {"id": 94, "img_name": "35620", "width": 384, "height": 216, "position": [-2.4502424895531854, -5.2878496678039655, -1.1769424779890587], "rotation": [[0.997897533627408, -0.0018744680945850624, 0.06478424769724761], [-0.005001945854686224, 0.9943729169886275, 0.10581815769136625], [-0.06461805411804616, -0.10591972587242875, 0.9922729053809273]], "fy": 1360.1869288780902, "fx": 1360.1869288780904}, {"id": 95, "img_name": "35625", "width": 384, "height": 216, "position": [-2.4015903206241047, -5.211280754865317, -1.1233975664729818], "rotation": [[0.9980283200019617, -0.004147097869845778, 0.06262806122913231], [-0.002498109664418217, 0.9943995581447463, 0.10565641584701688], [-0.06271548391080599, -0.10560454697024715, 0.9924285605206264]], "fy": 1360.1869288780902, "fx": 1360.1869288780904}, {"id": 96, "img_name": "35630", "width": 384, "height": 216, "position": [-2.343914598003759, -4.7835168316266445, -0.954056206173368], "rotation": [[0.9980898178155102, -0.005612561667787329, 0.06152409872990582], [-7.552773116253085e-05, 0.9957531568490365, 0.09206326585962527], [-0.061779526289570584, -0.09189205502492315, 0.9938506630046251]], "fy": 1360.1869288780902, "fx": 1360.1869288780904}, {"id": 97, "img_name": "35635", "width": 384, "height": 216, "position": [-1.9162493889437728, -4.066368540044531, -1.0004026690157148], "rotation": [[0.9987903824403963, 0.002472014100855215, 0.04910866614816735], [-0.006085812888562729, 0.9972710981183796, 0.07357526581159439], [-0.04879277432215131, -0.07378513403150083, 0.996079825701686]], "fy": 1360.1869288780902, "fx": 1360.1869288780904}, {"id": 98, "img_name": "35645", "width": 384, "height": 216, "position": [-0.3338973533226493, -1.7256957313132513, -0.7590310680512775], "rotation": [[0.999885629721397, 0.011879771710288771, 0.009359407072916106], [-0.011717031656945959, 0.9997824656899612, -0.017254925906869834], [-0.009562355661407687, 0.01714328798722299, 0.9998073159520248]], "fy": 1360.1869288780902, "fx": 1360.1869288780904}, {"id": 99, "img_name": "35650", "width": 384, "height": 216, "position": [0.11838113825788082, -0.6959762025723001, -0.5185122748177395], "rotation": [[0.9998935867550854, 0.006447247144131738, -0.013086182419361428], [-0.007239376890461868, 0.9980860091365252, -0.061415875701334346], [0.012665172256553227, 0.061504076045302794, 0.9980264736175716]], "fy": 1360.1869288780902, "fx": 1360.1869288780904}, {"id": 100, "