[{"id": 0, "img_name": "frame_1", "width": 1080, "height": 1080, "position": [0.08306728702097478, -10.44510297753485, 10.284000487315634], "rotation": [[0.99980067765927, -0.008290231571629685, 0.01816251669106542], [-0.01829318999949872, -0.015968488810176297, 0.9997051398111153], [-0.007997759167836654, -0.9998381266113069, -0.01611696071488839]], "fy": 50.00000000000003, "fx": 50.00000000000003}, {"id": 1, "img_name": "frame_106", "width": 1080, "height": 1080, "position": [0.028894168262201213, -4.014877728153037, 3.7504863559422024], "rotation": [[0.99980067765927, -0.008290231571629685, 0.01816251669106542], [-0.01829318999949872, -0.015968488810176297, 0.9997051398111153], [-0.007997759167836654, -0.9998381266113069, -0.01611696071488839]], "fy": 50.00000000000003, "fx": 50.00000000000003}, {"id": 2, "img_name": "frame_113", "width": 1080, "height": 1080, "position": [0.023660077739223555, -3.3936026299495956, 3.119231791875471], "rotation": [[0.99980067765927, -0.008290231571629685, 0.01816251669106542], [-0.01829318999949872, -0.015968488810176297, 0.9997051398111153], [-0.007997759167836654, -0.9998381266113069, -0.01611696071488839]], "fy": 50.00000000000003, "fx": 50.00000000000003}, {"id": 3, "img_name": "frame_120", "width": 1080, "height": 1080, "position": [0.01851931751116598, -2.783405390340995, 2.4992332920752154], "rotation": [[0.99980067765927, -0.008290231571629685, 0.01816251669106542], [-0.01829318999949872, -0.015968488810176297, 0.9997051398111153], [-0.007997759167836654, -0.9998381266113069, -0.01611696071488839]], "fy": 50.00000000000003, "fx": 50.00000000000003}, {"id": 4, "img_name": "frame_128", "width": 1080, "height": 1080, "position": [0.012825461245327453, -2.107558141286339, 1.8125296660296006], "rotation": [[0.99980067765927, -0.008290231571629685, 0.01816251669106542], [-0.01829318999949872, -0.015968488810176297, 0.9997051398111153], [-0.007997759167836654, -0.9998381266113069, -0.01611696071488839]], "fy": 50.00000000000003, "fx": 50.00000000000003}, {"id": 5, "img_name": "frame_135", "width": 1080, "height": 1080, "position": [0.008060635237152476, -1.5419842480654797, 1.2378709736744415], "rotation": [[0.99980067765927, -0.008290231571629685, 0.01816251669106542], [-0.01829318999949872, -0.015968488810176297, 0.9997051398111153], [-0.007997759167836654, -0.9998381266113069, -0.01611696071488839]], "fy": 50.00000000000003, "fx": 50.00000000000003}, {"id": 6, "img_name": "frame_142", "width": 1080, "height": 1080, "position": [0.003553392016224183, -1.006984896058923, 0.6942778447617263], "rotation": [[0.99980067765927, -0.008290231571629685, 0.01816251669106542], [-0.01829318999949872, -0.015968488810176297, 0.9997051398111153], [-0.007997759167836654, -0.9998381266113069, -0.01611696071488839]], "fy": 50.00000000000003, "fx": 50.00000000000003}, {"id": 7, "img_name": "frame_15", "width": 1080, "height": 1080, "position": [0.08165128499162985, -10.277027555336637, 10.113225110289305], "rotation": [[0.99980067765927, -0.008290231571629685, 0.01816251669106542], [-0.01829318999949872, -0.015968488810176297, 0.9997051398111153], [-0.007997759167836654, -0.9998381266113069, -0.01611696071488839]], "fy": 50.00000000000003, "fx": 50.00000000000003}, {"id": 8, "img_name": "frame_157", "width": 1080, "height": 1080, "position": [-0.004994660248500072, 0.0076493244652827, -0.3366544481890799], "rotation": [[0.99980067765927, -0.008290231571629685, 0.01816251669106542], [-0.01829318999949872, -0.015968488810176297, 0.9997051398111153], [-0.007997759167836654, -0.9998381266113069, -0.01611696071488839]], "fy": 50.00000000000003, "fx": 50.00000000000003}, {"id": 9, "img_name": "frame_164", "width": 1080, "height": 1080, "position": [-0.008352194943444026, 0.40618084592407927, -0.7415876338239523], "rotation": [[0.99980067765927, -0.008290231571629685, 0.01816251669106542], [-0.01829318999949872, -0.015968488810176297, 0.9997051398111153], [-0.007997759167836654, -0.9998381266113069, -0.01611696071488839]], "fy": 50.00000000000003, "fx": 50.00000000000003}, {"id": 10, "img_name": "frame_171", "width": 1080, "height": 1080, "position": [-0.011235648368966579, 0.748440432190425, -1.0893448569890565], "rotation": [[0.99980067765927, -0.008290231571629685, 0.01816251669106542], [-0.01829318999949872, -0.015968488810176297, 0.9997051398111153], [-0.007997759167836654, -0.9998381266113069, -0.01611696071488839]], "fy": 50.00000000000003, "fx": 50.00000000000003}, {"id": 11, "img_name": "frame_179", "width": 1080, "height": 1080, "position": [-0.013883484633616357, 1.062732367387199, -1.4086853198269706], "rotation": [[0.99980067765927, -0.008290231571629685, 0.01816251669106542], [-0.01829318999949872, -0.015968488810176297, 0.9997051398111153], [-0.007997759167836654, -0.9998381266113069, -0.01611696071488839]], "fy": 50.00000000000003, "fx": 50.00000000000003}, {"id": 12, "img_name": "frame_186", "width": 1080, "height": 1080, "position": [-0.015575090268998266, 1.2635222677115105, -1.6127004411470731], "rotation": [[0.99980067765927, -0.008290231571629685, 0.01816251669106542], [-0.01829318999949872, -0.015968488810176297, 0.9997051398111153], [-0.007997759167836654, -0.9998381266113069, -0.01611696071488839]], "fy": 50.00000000000003, "fx": 50.00000000000003}, {"id": 13, "img_name": "frame_193", "width": 1080, "height": 1080, "position": [-0.01662836831234347, 1.3885437761172792, -1.7397302534137786], "rotation": [[0.99980067765927, -0.008290231571629685, 0.01816251669106542], [-0.01829318999949872, -0.015968488810176297, 0.9997051398111153], [-0.007997759167836654, -0.9998381266113069, -0.01611696071488839]], "fy": 50.00000000000003, "fx": 50.00000000000003}, {"id": 14, "img_name": "frame_20", "width": 1080, "height": 1080, "position": [0.08050508668200068, -10.140974756950758, 9.974987546314342], "rotation": [[0.99980067765927, -0.008290231571629685, 0.01816251669106542], [-0.01829318999949872, -0.015968488810176297, 0.9997051398111153], [-0.007997759167836654, -0.9998381266113069, -0.01611696071488839]], "fy": 50.00000000000003, "fx": 50.00000000000003}, {"id": 15, "img_name": "frame_207", "width": 1080, "height": 1080, "position": [-0.01699108827092857, 1.4315978090497916, -1.7834758201095924], "rotation": [[0.99980067765927, -0.008290231571629685, 0.01816251669106542], [-0.01829318999949872, -0.015968488810176297, 0.9997051398111153], [-0.007997759167836654, -0.9998381266113069, -0.01611696071488839]], "fy": 50.00000000000003, "fx": 50.00000000000003}, {"id": 16, "img_name": "frame_214", "width": 1080, "height": 1080, "position": [-0.01699108827092857, 1.4315978090497916, -1.7834758201095924], "rotation": [[0.99980067765927, -0.008290231571629685, 0.01816251669106542], [-0.01829318999949872, -0.015968488810176297, 0.9997051398111153], [-0.007997759167836654, -0.9998381266113069, -0.01611696071488839]], "fy": 50.00000000000003, "fx": 50.00000000000003}, {"id": 17, "img_name": "frame_221", "width": 1080, "height": 1080, "position": [-0.01699108827092857, 1.4315978090497916, -1.7834758201095924], "rotation": [[0.99980067765927, -0.008290231571629685, 0.01816251669106542], [-0.01829318999949872, -0.015968488810176297, 0.9997051398111153], [-0.007997759167836654, -0.9998381266113069, -0.01611696071488839]], "fy": 50.00000000000003, "fx": 50.00000000000003}, {"id": 18, "img_name": "frame_229", "width": 1080, "height": 1080, "position": [-0.01699108827092857, 1.4315978090497916, -1.7834758201095924], "rotation": [[0.99980067765927, -0.008290231571629685, 0.01816251669106542], [-0.01829318999949872, -0.015968488810176297, 0.9997051398111153], [-0.007997759167836654, -0.9998381266113069, -0.01611696071488839]], "fy": 50.00000000000003, "fx": 50.00000000000003}, {"id": 19, "img_name": "frame_236", "width": 1080, "height": 1080, "position": [-0.01699108827092857, 1.4315978090497916, -1.7834758201095924], "rotation": [[0.99980067765927, -0.008290231571629685, 0.01816251669106542], [-0.01829318999949872, -0.015968488810176297, 0.9997051398111153], [-0.007997759167836654, -0.9998381266113069, -0.01611696071488839]], "fy": 50.00000000000003, "fx": 50.00000000000003}, {"id": 20, "img_name": "frame_243", "width": 1080, "height": 1080, "position": [-0.01699108827092857, 1.4315978090497916, -1.7834758201095924], "rotation": [[0.99980067765927, -0.008290231571629685, 0.01816251669106542], [-0.01829318999949872, -0.015968488810176297, 0.9997051398111153], [-0.007997759167836654, -0.9998381266113069, -0.01611696071488839]], "fy": 50.00000000000003, "fx": 50.00000000000003}, {"id": 21, "img_name": "frame_250", "width": 1080, "height": 1080, "position": [-0.01699108827092857, 1.4315978090497916, -1.7834758201095924], "rotation": [[0.99980067765927, -0.008290231571629685, 0.01816251669106542], [-0.01829318999949872, -0.015968488810176297, 0.9997051398111153], [-0.007997759167836654, -0.9998381266113069, -0.01611696071488839]], "fy": 50.00000000000003, "fx": 50.00000000000003}, {"id": 22, "img_name": "frame_32", "width": 1080, "height": 1080, "position": [0.07653943539575353, -9.670259930062464, 9.496711828832973], "rotation": [[0.99980067765927, -0.008290231571629685, 0.01816251669106542], [-0.01829318999949872, -0.015968488810176297, 0.9997051398111153], [-0.007997759167836654, -0.9998381266113069, -0.01611696071488839]], "fy": 50.00000000000003, "fx": 50.00000000000003}, {"id": 23, "img_name": "frame_4", "width": 1080, "height": 1080, "position": [0.08299975326870569, -10.43708628692414, 10.275855127931132], "rotation": [[0.99980067765927, -0.008290231571629685, 0.01816251669106542], [-0.01829318999949872, -0.015968488810176297, 0.9997051398111153], [-0.007997759167836654, -0.9998381266113069, -0.01611696071488839]], "fy": 50.00000000000003, "fx": 50.00000000000003}, {"id": 24, "img_name": "frame_47", "width": 1080, "height": 1080, "position": [0.0694997414984787, -8.834666550129894, 8.647695415578301], "rotation": [[0.99980067765927, -0.008290231571629685, 0.01816251669106542], [-0.01829318999949872, -0.015968488810176297, 0.9997051398111153], [-0.007997759167836654, -0.9998381266113069, -0.01611696071488839]], "fy": 50.00000000000003, "fx": 50.00000000000003}, {"id": 25, "img_name": "frame_54", "width": 1080, "height": 1080, "position": [0.06555560878496078, -8.366507868695264, 8.172016605021147], "rotation": [[0.99980067765927, -0.008290231571629685, 0.01816251669106542], [-0.01829318999949872, -0.015968488810176297, 0.9997051398111153], [-0.007997759167836654, -0.9998381266113069, -0.01611696071488839]], "fy": 50.00000000000003, "fx": 50.00000000000003}, {"id": 26, "img_name": "frame_61", "width": 1080, "height": 1080, "position": [0.06126434148270652, -7.85714302598087, 7.654470011858844], "rotation": [[0.99980067765927, -0.008290231571629685, 0.01816251669106542], [-0.01829318999949872, -0.015968488810176297, 0.9997051398111153], [-0.007997759167836654, -0.9998381266113069, -0.01611696071488839]], "fy": 50.00000000000003, "fx": 50.00000000000003}, {"id": 27, "img_name": "frame_69", "width": 1080, "height": 1080, "position": [0.05600198853415478, -7.232511988572868, 7.019806037841512], "rotation": [[0.99980067765927, -0.008290231571629685, 0.01816251669106542], [-0.01829318999949872, -0.015968488810176297, 0.9997051398111153], [-0.007997759167836654, -0.9998381266113069, -0.01611696071488839]], "fy": 50.00000000000003, "fx": 50.00000000000003}, {"id": 28, "img_name": "frame_76", "width": 1080, "height": 1080, "position": [0.05114277288553227, -6.65573562051682, 6.4337647058722975], "rotation": [[0.99980067765927, -0.008290231571629685, 0.01816251669106542], [-0.01829318999949872, -0.015968488810176297, 0.9997051398111153], [-0.007997759167836654, -0.9998381266113069, -0.01611696071488839]], "fy": 50.00000000000003, "fx": 50.00000000000003}, {"id": 29, "img_name": "frame_83", "width": 1080, "height": 1080, "position": [0.046100654565119144, -6.057248483211127, 5.825663758517922], "rotation": [[0.99980067765927, -0.008290231571629685, 0.01816251669106542], [-0.01829318999949872, -0.015968488810176297, 0.9997051398111153], [-0.007997759167836654, -0.9998381266113069, -0.01611696071488839]], "fy": 50.00000000000003, "fx": 50.00000000000003}, {"id": 30, "img_name": "frame_90", "width": 1080, "height": 1080, "position": [0.040927889449556186, -5.443252706425683, 5.20180551913724], "rotation": [[0.99980067765927, -0.008290231571629685, 0.01816251669106542], [-0.01829318999949872, -0.015968488810176297, 0.9997051398111153], [-0.007997759167836654, -0.9998381266113069, -0.01611696071488839]], "fy": 50.00000000000003, "fx": 50.00000000000003}, {"id": 31, "img_name": "frame_98", "width": 1080, "height": 1080, "position": [0.03492321621677465, -4.73051225709614, 4.477616263115079], "rotation": [[0.99980067765927, -0.008290231571629685, 0.01816251669106542], [-0.01829318999949872, -0.015968488810176297, 0.9997051398111153], [-0.007997759167836654, -0.9998381266113069, -0.01611696071488839]], "fy": 50.00000000000003, "fx": 50.00000000000003}, {"id": 32, "img_name": "frame_10", "width": 1080, "height": 1080, "position": [0.0824718148971155, -10.374421868848007, 10.212184510042542], "rotation": [[0.99980067765927, -0.008290231571629685, 0.01816251669106542], [-0.01829318999949872, -0.015968488810176297, 0.9997051398111153], [-0.007997759167836654, -0.9998381266113069, -0.01611696071488839]], "fy": 50.00000000000003, "fx": 50.00000000000003}, {"id": 33, "img_name": "frame_100", "width": 1080, "height": 1080, "position": [0.033415194890455545, -4.551512445234589, 4.295741543810511], "rotation": [[0.99980067765927, -0.008290231571629685, 0.01816251669106542], [-0.01829318999949872, -0.015968488810176297, 0.9997051398111153], [-0.007997759167836654, -0.9998381266113069, -0.01611696071488839]], "fy": 50.00000000000003, "fx": 50.00000000000003}, {"id": 34, "img_name": "frame_101", "width": 1080, "height": 1080, "position": [0.03266100361522623, -4.461991188840583, 4.2047821450626675], "rotation": [[0.99980067765927, -0.008290231571629685, 0.01816251669106542], [-0.01829318999949872, -0.015968488810176297, 0.9997051398111153], [-0.007997759167836654, -0.9998381266113069, -0.01611696071488839]], "fy": 50.00000000000003, "fx": 50.00000000000003}, {"id": 35, "img_name": "frame_102", "width": 1080, "height": 1080, "position": [0.031906871879932304, -4.372478847734066, 4.113831949580663], "rotation": [[0.99980067765927, -0.008290231571629685, 0.01816251669106542], [-0.01829318999949872, -0.015968488810176297, 0.9997051398111153], [-0.007997759167836654, -0.9998381266113069, -0.01611696071488839]], "fy": 50.00000000000003, "fx": 50.00000000000003}, {"id": 36, "img_name": "frame_103", "width": 1080, "height": 1080, "position": [0.031152963437625594, -4.2829913843208125, 4.022906949117303], "rotation": [[0.99980067765927, -0.008290231571629685, 0.01816251669106542], [-0.01829318999949872, -0.015968488810176297, 0.9997051398111153], [-0.007997759167836654, -0.9998381266113069, -0.01611696071488839]], "fy": 50.00000000000003, "fx": 50.00000000000003}, {"id": 37, "img_name": "frame_104", "width": 1080, "height": 1080, "position": [0.03039945183916729, -4.193550852687337, 3.9320299094358537], "rotation": [[0.99980067765927, -0.008290231571629685, 0.01816251669106542], [-0.01829318999949872, -0.015968488810176297, 0.9997051398111153], [-0.007997759167836654, -0.9998381266113069, -0.01611696071488839]], "fy": 50.00000000000003, "fx": 50.00000000000003}, {"id": 38, "img_name": "frame_105", "width": 1080, "height": 1080, "position": [0.029646469064681883, -4.104173218501418, 3.841216584147486], "rotation": [[0.99980067765927, -0.008290231571629685, 0.01816251669106542], [-0.01829318999949872, -0.015968488810176297, 0.9997051398111153], [-0.007997759167836654, -0.9998381266113069, -0.01611696071488839]], "fy": 50.00000000000003, "fx": 50.00000000000003}, {"id": 39, "img_name": "frame_107", "width": 1080, "height": 1080, "position": [0.02814271365255852, -3.9256812631764215, 3.6598573773630085], "rotation": [[0.99980067765927, -0.008290231571629685, 0.01816251669106542], [-0.01829318999949872, -0.015968488810176297, 0.9997051398111153], [-0.007997759167836654, -0.9998381266113069, -0.01611696071488839]], "fy": 50.00000000000003, "fx": 50.00000000000003}, {"id": 40, "img_name": "frame_108", "width": 1080, "height": 1080, "position": [0.02739223952180812, -3.836602142809843, 3.5693473472484407], "rotation": [[0.99980067765927, -0.008290231571629685, 0.01816251669106542], [-0.01829318999949872, -0.015968488810176297, 0.9997051398111153], [-0.007997759167836654, -0.9998381266113069, -0.01611696071488839]], "fy": 50.00000000000003, "fx": 50.00000000000003}, {"id": 41, "img_name": "frame_109", "width": 1080, "height": 1080, "position": [0.026642912386016997, -3.747658667664537, 3.4789751561581954], "rotation": [[0.99980067765927, -0.008290231571629685, 0.01816251669106542], [-0.01829318999949872, -0.015968488810176297, 0.9997051398111153], [-0.007997759167836654, -0.9998381266113069, -0.01611696071488839]], "fy": 50.00000000000003, "fx": 50.00000000000003}, {"id": 42, "img_name": "frame_11", "width": 1080, "height": 1080, "position": [0.08233469785285731, -10.35814442110602, 10.195645730111691], "rotation": [[0.99980067765927, -0.008290231571629685, 0.01816251669106542], [-0.01829318999949872, -0.015968488810176297, 0.9997051398111153], [-0.007997759167836654, -0.9998381266113069, -0.01611696071488839]], "fy": 50.00000000000003, "fx": 50.00000000000003}, {"id": 43, "img_name": "frame_110", "width": 1080, "height": 1080, "position": [0.025894879144892764, -3.6588686726678468, 3.3887589720056126], "rotation": [[0.99980067765927, -0.008290231571629685, 0.01816251669106542], [-0.01829318999949872, -0.015968488810176297, 0.9997051398111153], [-0.007997759167836654, -0.9998381266113069, -0.01611696071488839]], "fy": 50.00000000000003, "fx": 50.00000000000003}, {"id": 44, "img_name": "frame_111", "width": 1080, "height": 1080, "position": [0.025148301984221036, -3.570250696779285, 3.2987176891929724], "rotation": [[0.99980067765927, -0.008290231571629685, 0.01816251669106542], [-0.01829318999949872, -0.015968488810176297, 0.9997051398111153], [-0.007997759167836654, -0.9998381266113069, -0.01611696071488839]], "fy": 50.00000000000003, "fx": 50.00000000000003}, {"id": 45, "img_name": "frame_112", "width": 1080, "height": 1080, "position": [0.024403321884769673, -3.481823520841239, 3.2088699677043295], "rotation": [[0.99980067765927, -0.008290231571629685, 0.01816251669106542], [-0.01829318999949872, -0.015968488810176297, 0.9997051398111153], [-0.007997759167836654, -0.9998381266113069, -0.01611696071488839]], "fy": 50.00000000000003, "fx": 50.00000000000003}, {"id": 46, "img_name": "frame_114", "width": 1080, "height": 1080, "position": [0.022918753496313195, -3.3056086708761567, 3.0298244741640445], "rotation": [[0.99980067765927, -0.008290231571629685, 0.01816251669106542], [-0.01829318999949872, -0.015968488810176297, 0.9997051398111153], [-0.007997759167836654, -0.9998381266113069, -0.01611696071488839]], "fy": 50.00000000000003, "fx": 50.00000000000003}, {"id": 47, "img_name": "frame_115", "width": 1080, "height": 1080, "position": [0.022179482517670674, -3.2178587783914305, 2.940665217584668], "rotation": [[0.99980067765927, -0.008290231571629685, 0.01816251669106542], [-0.01829318999949872, -0.015968488810176297, 0.9997051398111153], [-0.007997759167836654, -0.9998381266113069, -0.01611696071488839]], "fy": 50.00000000000003, "fx": 50.00000000000003}, {"id": 48, "img_name": "frame_116", "width": 1080, "height": 1080, "position": [0.021442426383347996, -3.1303717298713556, 2.851772920352412], "rotation": [[0.99980067765927, -0.008290231571629685, 0.01816251669106542], [-0.01829318999949872, -0.015968488810176297, 0.9997051398111153], [-0.007997759167836654, -0.9998381266113069, -0.01611696071488839]], "fy": 50.00000000000003, "fx": 50.00000000000003}, {"id": 49, "img_name": "frame_117", "width": 1080, "height": 1080, "position": [0.02070772080871341, -3.043164425545346, 2.7631645432593266], "rotation": [[0.99980067765927, -0.008290231571629685, 0.01816251669106542], [-0.01829318999949872, -0.015968488810176297, 0.9997051398111153], [-0.007997759167836654, -0.9998381266113069, -0.01611696071488839]], "fy": 50.00000000000003, "fx": 50.00000000000003}, {"id": 50, "img_name": "frame_118", "width": 1080, "height": 1080, "position": [0.019975540375359147, -2.956255862237993, 2.6748601802034035], "rotation": [[0.99980067765927, -0.008290231571629685, 0.01816251669106542], [-0.01829318999949872, -0.015968488810176297, 0.9997051398111153], [-0.007997759167836654, -0.9998381266113069, -0.01611696071488839]], "fy": 50.00000000000003, "fx": 50.00000000000003}, {"id": 51, "img_name": "frame_119", "width": 1080, "height": 1080, "position": [0.019246018216374592, -2.869663182402321, 2.5868765574094965], "rotation": [[0.99980067765927, -0.008290231571629685, 0.01816251669106542], [-0.01829318999949872, -0.015968488810176297, 0.9997051398111153], [-0.007997759167836654, -0.9998381266113069, -0.01611696071488839]], "fy": 50.00000000000003, "fx": 50.00000000000003}, {"id": 52, "img_name": "frame_12", "width": 1080, "height": 1080, "position": [0.08218390300669642, -10.340247692687996, 10.177460646951374], "rotation": [[0.99980067765927, -0.008290231571629685, 0.01816251669106542], [-0.01829318999949872, -0.015968488810176297, 0.9997051398111153], [-0.007997759167836654, -0.9998381266113069, -0.01611696071488839]], "fy": 50.00000000000003, "fx": 50.00000000000003}, {"id": 53, "img_name": "frame_121", "width": 1080, "height": 1080, "position": [0.01779558279500871, -2.697499621028965, 2.4119475871257956], "rotation": [[0.99980067765927, -0.008290231571629685, 0.01816251669106542], [-0.01829318999949872, -0.015968488810176297, 0.9997051398111153], [-0.007997759167836654, -0.9998381266113069, -0.01611696071488839]], "fy": 50.00000000000003, "fx": 50.00000000000003}, {"id": 54, "img_name": "frame_122", "width": 1080, "height": 1080, "position": [0.01707497565865074, -2.6119655863356592, 2.325039547986979], "rotation": [[0.99980067765927, -0.008290231571629685, 0.01816251669106542], [-0.01829318999949872, -0.015968488810176297, 0.9997051398111153], [-0.007997759167836654, -0.9998381266113069, -0.01611696071488839]], "fy": 50.00000000000003, "fx": 50.00000000000003}, {"id": 55, "img_name": "frame_123", "width": 1080, "height": 1080, "position": [0.016357655546254495, -2.526821356002107, 2.238527584675497], "rotation": [[0.99980067765927, -0.008290231571629685, 0.01816251669106542], [-0.01829318999949872, -0.015968488810176297, 0.9997051398111153], [-0.007997759167836654, -0.9998381266113069, -0.01611696071488839]], "fy": 50.00000000000003, "fx": 50.00000000000003}, {"id": 56, "img_name": "frame_124", "width": 1080, "height": 1080, "position": [0.01564374195199211, -2.4420810072643007, 2.152426228459871], "rotation": [[0.99980067765927, -0.008290231571629685, 0.01816251669106542], [-0.01829318999949872, -0.015968488810176297, 0.9997051398111153], [-0.007997759167836654, -0.9998381266113069, -0.01611696071488839]], "fy": 50.00000000000003, "fx": 50.00000000000003}, {"id": 57, "img_name": "frame_125", "width": 1080, "height": 1080, "position": [0.014933422272792722, -2.3577677827562944, 2.0667585024281214], "rotation": [[0.99980067765927, -0.008290231571629685, 0.01816251669106542], [-0.01829318999949872, -0.015968488810176297, 0.9997051398111153], [-0.007997759167836654, -0.9998381266113069, -0.01611696071488839]], "fy": 50.00000000000003, "fx": 50.00000000000003}, {"id": 58, "img_name": "frame_126", "width": 1080, "height": 1080, "position": [0.014226832670414026, -2.273897632848981, 1.9815411137411558], "rotation": [[0.99980067765927, -0.008290231571629685, 0.01816251669106542], [-0.01829318999949872, -0.015968488810176297, 0.9997051398111153], [-0.007997759167836654, -0.9998381266113069, -0.01611696071488839]], "fy": 50.00000000000003, "fx": 50.00000000000003}, {"id": 59, "img_name": "frame_127", "width": 1080, "height": 1080, "position": [0.013524121404679193, -2.1904876925854575, 1.8967912652944174], "rotation": [[0.99980067765927, -0.008290231571629685, 0.01816251669106542], [-0.01829318999949872, -0.015968488810176297, 0.9997051398111153], [-0.007997759167836654, -0.9998381266113069, -0.01611696071488839]], "fy": 50.00000000000003, "fx": 50.00000000000003}, {"id": 60, "img_name": "frame_129", "width": 1080, "height": 1080, "position": [0.012130980070744615, -2.025125175285166, 1.7287725501902265], "rotation": [[0.99980067765927, -0.008290231571629685, 0.01816251669106542], [-0.01829318999949872, -0.015968488810176297, 0.9997051398111153], [-0.007997759167836654, -0.9998381266113069, -0.01611696071488839]], "fy": 50.00000000000003, "fx": 50.00000000000003}, {"id": 61, "img_name": "frame_13", "width": 1080, "height": 1080, "position": [0.08201964522506704, -10.320750423511353, 10.157650542308366], "rotation": [[0.99980067765927, -0.008290231571629685, 0.01816251669106542], [-0.01829318999949872, -0.015968488810176297, 0.9997051398111153], [-0.007997759167836654, -0.9998381266113069, -0.01611696071488839]], "fy": 50.00000000000003, "fx": 50.00000000000003}, {"id": 62, "img_name": "frame_130", "width": 1080, "height": 1080, "position": [0.011440846532887206, -1.9432078028280821, 1.6455392965343305], "rotation": [[0.99980067765927, -0.008290231571629685, 0.01816251669106542], [-0.01829318999949872, -0.015968488810176297, 0.9997051398111153], [-0.007997759167836654, -0.9998381266113069, -0.01611696071488839]], "fy": 50.00000000000003, "fx": 50.00000000000003}, {"id": 63, "img_name": "frame_131", "width": 1080, "height": 1080, "position": [0.01075521027308596, -1.8618243280609161, 1.562848557360801], "rotation": [[0.99980067765927, -0.008290231571629685, 0.01816251669106542], [-0.01829318999949872, -0.015968488810176297, 0.9997051398111153], [-0.007997759167836654, -0.9998381266113069, -0.01611696071488839]], "fy": 50.00000000000003, "fx": 50.00000000000003}, {"id": 64, "img_name": "frame_132", "width": 1080, "height": 1080, "position": [0.010074214952614997, -1.7809918840209527, 1.480717654799764], "rotation": [[0.99980067765927, -0.008290231571629685, 0.01816251669106542], [-0.01829318999949872, -0.015968488810176297, 0.9997051398111153], [-0.007997759167836654, -0.9998381266113069, -0.01611696071488839]], "fy": 50.00000000000003, "fx": 50.00000000000003}, {"id": 65, "img_name": "frame_133", "width": 1080, "height": 1080, "position": [0.00939800924843566, -1.7007274827018184, 1.3991640282351512], "rotation": [[0.99980067765927, -0.008290231571629685, 0.01816251669106542], [-0.01829318999949872, -0.015968488810176297, 0.9997051398111153], [-0.007997759167836654, -0.9998381266113069, -0.01611696071488839]], "fy": 50.00000000000003, "fx": 50.00000000000003}, {"id": 66, "img_name": "frame_134", "width": 1080, "height": 1080, "position": [0.008726775879255959, -1.6210540090107057, 1.3182106950804877], "rotation": [[0.99980067765927, -0.008290231571629685, 0.01816251669106542], [-0.01829318999949872, -0.015968488810176297, 0.9997051398111153], [-0.007997759167836654, -0.9998381266113069, -0.01611696071488839]], "fy": 50.00000000000003, "fx": 50.00000000000003}, {"id": 67, "img_name": "frame_136", "width": 1080, "height": 1080, "position": [0.00739975641773759, -1.4635395616487055, 1.1581661880173069], "rotation": [[0.99980067765927, -0.008290231571629685, 0.01816251669106542], [-0.01829318999949872, -0.015968488810176297, 0.9997051398111153], [-0.007997759167836654, -0.9998381266113069, -0.01611696071488839]], "fy": 50.00000000000003, "fx": 50.00000000000003}, {"id": 68, "img_name": "frame_137", "width": 1080, "height": 1080, "position": [0.006744282808669832, -1.38573637519683, 1.079113172025975], "rotation": [[0.99980067765927, -0.008290231571629685, 0.01816251669106542], [-0.01829318999949872, -0.015968488810176297, 0.9997051398111153], [-0.007997759167836654, -0.9998381266113069, -0.01611696071488839]], "fy": 50.00000000000003, "fx": 50.00000000000003}, {"id": 69, "img_name": "frame_138", "width": 1080, "height": 1080, "position": [0.00609437032618137, -1.3085933438858968, 1.000731000853698], "rotation": [[0.99980067765927, -0.008290231571629685, 0.01816251669106542], [-0.01829318999949872, -0.015968488810176297, 0.9997051398111153], [-0.007997759167836654, -0.9998381266113069, -0.01611696071488839]], "fy": 50.00000000000003, "fx": 50.00000000000003}, {"id": 70, "img_name": "frame_139", "width": 1080, "height": 1080, "position": [0.0054501796763228826, -1.2321292431541788, 0.9230386919204357], "rotation": [[0.99980067765927, -0.008290231571629685, 0.01816251669106542], [-0.01829318999949872, -0.015968488810176297, 0.9997051398111153], [-0.007997759167836654, -0.9998381266113069, -0.01611696071488839]], "fy": 50.00000000000003, "fx": 50.00000000000003}, {"id": 71, "img_name": "frame_14", "width": 1080, "height": 1080, "position": [0.08184206547804096, -10.299670459924993, 10.136232868956052], "rotation": [[0.99980067765927, -0.008290231571629685, 0.01816251669106542], [-0.01829318999949872, -0.015968488810176297, 0.9997051398111153], [-0.007997759167836654, -0.9998381266113069, -0.01611696071488839]], "fy": 50.00000000000003, "fx": 50.00000000000003}, {"id": 72, "img_name": "frame_140", "width": 1080, "height": 1080, "position": [0.004811833557100716, -1.1563592116900352, 0.8460515087922171], "rotation": [[0.99980067765927, -0.008290231571629685, 0.01816251669106542], [-0.01829318999949872, -0.015968488810176297, 0.9997051398111153], [-0.007997759167836654, -0.9998381266113069, -0.01611696071488839]], "fy": 50.00000000000003, "fx": 50.00000000000003}, {"id": 73, "img_name": "frame_141", "width": 1080, "height": 1080, "position": [0.004179538336344881, -1.081306948191227, 0.7697937931980728], "rotation": [[0.99980067765927, -0.008290231571629685, 0.01816251669106542], [-0.01829318999949872, -0.015968488810176297, 0.9997051398111153], [-0.007997759167836654, -0.9998381266113069, -0.01611696071488839]], "fy": 50.00000000000003, "fx": 50.00000000000003}, {"id": 74, "img_name": "frame_143", "width": 1080, "height": 1080, "position": [0.0029335635024482767, -0.9334126471218003, 0.6195238265453796], "rotation": [[0.99980067765927, -0.008290231571629685, 0.01816251669106542], [-0.01829318999949872, -0.015968488810176297, 0.9997051398111153], [-0.007997759167836654, -0.9998381266113069, -0.01611696071488839]], "fy": 50.00000000000003, "fx": 50.00000000000003}, {"id": 75, "img_name": "frame_144", "width": 1080, "height": 1080, "position": [0.0023202326870818885, -0.8606117941007756, 0.5455535430624986], "rotation": [[0.99980067765927, -0.008290231571629685, 0.01816251669106542], [-0.01829318999949872, -0.015968488810176297, 0.9997051398111153], [-0.007997759167836654, -0.9998381266113069, -0.01611696071488839]], "fy": 50.00000000000003, "fx": 50.00000000000003}, {"id": 76, "img_name": "frame_145", "width": 1080, "height": 1080, "position": [0.0017135125927782075, -0.7885954776984667, 0.47238043762051557], "rotation": [[0.99980067765927, -0.008290231571629685, 0.01816251669106542], [-0.01829318999949872, -0.015968488810176297, 0.9997051398111153], [-0.007997759167836654, -0.9998381266113069, -0.01611696071488839]], "fy": 50.00000000000003, "fx": 50.00000000000003}, {"id": 77, "img_name": "frame_146", "width": 1080, "height": 1080, "position": [0.0011135755761492924, -0.7173843507200178, 0.40002543537663815], "rotation": [[0.99980067765927, -0.008290231571629685, 0.01816251669106542], [-0.01829318999949872, -0.015968488810176297, 0.9997051398111153], [-0.007997759167836654, -0.9998381266113069, -0.01611696071488839]], "fy": 50.00000000000003, "fx": 50.00000000000003}, {"id": 78, "img_name": "frame_147", "width": 1080, "height": 1080, "position": [0.0005205729455192872, -0.6469962486538557, 0.3285066744094651], "rotation": [[0.99980067765927, -0.008290231571629685, 0.01816251669106542], [-0.01829318999949872, -0.015968488810176297, 0.9997051398111153], [-0.007997759167836654, -0.9998381266113069, -0.01611696071488839]], "fy": 50.00000000000003, "fx": 50.00000000000003}, {"id": 79, "img_name": "frame_148", "width": 1080, "height": 1080, "position": [-6.534570162814236e-05, -0.5774489473502274, 0.25784229185929514], "rotation": [[0.99980067765927, -0.008290231571629685, 0.01816251669106542], [-0.01829318999949872, -0.015968488810176297, 0.9997051398111153], [-0.007997759167836654, -0.9998381266113069, -0.01611696071488839]], "fy": 50.00000000000003, "fx": 50.00000000000003}, {"id": 80, "img_name": "frame_149", "width": 1080, "height": 1080, "position": [-0.0006440318397799442, -0.508760402661444, 0.1880503532322729], "rotation": [[0.99980067765927, -0.008290231571629685, 0.01816251669106542], [-0.01829318999949872, -0.015968488810176297, 0.9997051398111153], [-0.007997759167836654, -0.9998381266113069, -0.01611696071488839]], "fy": 50.00000000000003, "fx": 50.00000000000003}, {"id": 81, "img_name": "frame_150", "width": 1080, "height": 1080, "position": [-0.0012153164968280526, -0.4409502080988624, 0.11915091729190928], "rotation": [[0.99980067765927, -0.008290231571629685, 0.01816251669106542], [-0.01829318999949872, -0.015968488810176297, 0.9997051398111153], [-0.007997759167836654, -0.9998381266113069, -0.01611696071488839]], "fy": 50.00000000000003, "fx": 50.00000000000003}, {"id": 82, "img_name": "frame_151", "width": 1080, "height": 1080, "position": [-0.0017790663144679766, -0.37403432214919713, 0.051160184630471714], "rotation": [[0.99980067765927, -0.008290231571629685, 0.01816251669106542], [-0.01829318999949872, -0.015968488810176297, 0.9997051398111153], [-0.007997759167836654, -0.9998381266113069, -0.01611696071488839]], "fy": 50.00000000000003, "fx": 50.00000000000003}, {"id": 83, "img_name": "frame_152", "width": 1080, "height": 1080, "position": [-0.00233512399937743, -0.308031578894372, -0.015902770478780207], "rotation": [[0.99980067765927, -0.008290231571629685, 0.01816251669106542], [-0.01829318999949872, -0.015968488810176297, 0.9997051398111153], [-0.007997759167836654, -0.9998381266113069, -0.01611696071488839]], "fy": 50.00000000000003, "fx": 50.00000000000003}, {"id": 84, "img_name": "frame_153", "width": 1080, "height": 1080, "position": [-0.002883338540767725, -0.24295975463085873, -0.08201983698139367], "rotation": [[0.99980067765927, -0.008290231571629685, 0.01816251669106542], [-0.01829318999949872, -0.015968488810176297, 0.9997051398111153], [-0.007997759167836654, -0.9998381266113069, -0.01611696071488839]], "fy": 50.00000000000003, "fx": 50.00000000000003}, {"id": 85, "img_name": "frame_154", "width": 1080, "height": 1080, "position": [-0.0034235519497809244, -0.17883763874814917, -0.14717194132366238], "rotation": [[0.99980067765927, -0.008290231571629685, 0.01816251669106542], [-0.01829318999949872, -0.015968488810176297, 0.9997051398111153], [-0.007997759167836654, -0.9998381266113069, -0.01611696071488839]], "fy": 50.00000000000003, "fx": 50.00000000000003}, {"id": 86, "img_name": "frame_155", "width": 1080, "height": 1080, "position": [-0.003955606393218089, -0.11568401318202738, -0.21134001006963296], "rotation": [[0.99980067765927, -0.008290231571629685, 0.01816251669106542], [-0.01829318999949872, -0.015968488810176297, 0.9997051398111153], [-0.007997759167836654, -0.9998381266113069, -0.01611696071488839]], "fy": 50.00000000000003, "fx": 50.00000000000003}, {"id": 87, "img_name": "frame_156", "width": 1080, "height": 1080, "position": [-0.0044793672090471795, -0.053514803034298127, -0.2745078506228276], "rotation": [[0.99980067765927, -0.008290231571629685, 0.01816251669106542], [-0.01829318999949872, -0.015968488810176297, 0.9997051398111153], [-0.007997759167836654, -0.9998381266113069, -0.01611696071488839]], "fy": 50.00000000000003, "fx": 50.00000000000003}, {"id": 88, "img_name": "frame_158", "width": 1080, "height": 1080, "position": [-0.005501351935080574, 0.06779241337987134, -0.3977636171222293], "rotation": [[0.99980067765927, -0.008290231571629685, 0.01816251669106542], [-0.01829318999949872, -0.015968488810176297, 0.9997051398111153], [-0.007997759167836654, -0.9998381266113069, -0.01611696071488839]], "fy": 50.00000000000003, "fx": 50.00000000000003}, {"id": 89, "img_name": "frame_159", "width": 1080, "height": 1080, "position": [-0.005999282882329926, 0.12689573068684304, -0.4578163108616511], "rotation": [[0.99980067765927, -0.008290231571629685, 0.01816251669106542], [-0.01829318999949872, -0.015968488810176297, 0.9997051398111153], [-0.007997759167836654, -0.9998381266113069, -0.01611696071488839]], "fy": 50.00000000000003, "fx": 50.00000000000003}, {"id": 90, "img_name": "frame_16", "width": 1080, "height": 1080, "position": [0.0814474976134534, -10.252836665185765, 10.088646580129568], "rotation": [[0.99980067765927, -0.008290231571629685, 0.01816251669106542], [-0.01829318999949872, -0.015968488810176297, 0.9997051398111153], [-0.007997759167836654, -0.9998381266113069, -0.01611696071488839]], "fy": 50.00000000000003, "fx": 50.00000000000003}, {"id": 91, "img_name": "frame_160", "width": 1080, "height": 1080, "position": [-0.006488304274086888, 0.18494139344413918, -0.5167943905501972], "rotation": [[0.99980067765927, -0.008290231571629685, 0.01816251669106542], [-0.01829318999949872, -0.015968488810176297, 0.9997051398111153], [-0.007997759167836654, -0.9998381266113069, -0.01611696071488839]], "fy": 50.00000000000003, "fx": 50.00000000000003}, {"id": 92, "img_name": "frame_161", "width": 1080, "height": 1080, "position": [-0.0069682640732785725, 0.24191161878643533, -0.5746796891486112], "rotation": [[0.99980067765927, -0.008290231571629685, 0.01816251669106542], [-0.01829318999949872, -0.015968488810176297, 0.9997051398111153], [-0.007997759167836654, -0.9998381266113069, -0.01611696071488839]], "fy": 50.00000000000003, "fx": 50.00000000000003}, {"id": 93, "img_name": "frame_162", "width": 1080, "height": 1080, "position": [-0.007438990711646253, 0.2977857236391544, -0.631451310816861], "rotation": [[0.99980067765927, -0.008290231571629685, 0.01816251669106542], [-0.01829318999949872, -0.015968488810176297, 0.9997051398111153], [-0.007997759167836654, -0.9998381266113069, -0.01611696071488839]], "fy": 50.00000000000003, "fx": 50.00000000000003}, {"id": 94, "img_name": "frame_163", "width": 1080, "height": 1080, "position": [-0.007900347985332344, 0.3525477648456551, -0.6870930254239633], "rotation": [[0.99980067765927, -0.008290231571629685, 0.01816251669106542], [-0.01829318999949872, -0.015968488810176297, 0.9997051398111153], [-0.007997759167836654, -0.9998381266113069, -0.01611696071488839]], "fy": 50.00000000000003, "fx": 50.00000000000003}, {"id": 95, "img_name": "frame_165", "width": 1080, "height": 1080, "position": [-0.008794362841691853, 0.4586653423627533, -0.7949151512741881], "rotation": [[0.99980067765927, -0.008290231571629685, 0.01816251669106542], [-0.01829318999949872, -0.015968488810176297, 0.9997051398111153], [-0.007997759167836654, -0.9998381266113069, -0.01611696071488839]], "fy": 50.00000000000003, "fx": 50.00000000000003}, {"id": 96, "img_name": "frame_166", "width": 1080, "height": 1080, "position": [-0.009226689024057126, 0.5099814220981663, -0.8470555300524291], "rotation": [[0.99980067765927, -0.008290231571629685, 0.01816251669106542], [-0.01829318999949872, -0.015968488810176297, 0.9997051398111153], [-0.007997759167836654, -0.9998381266113069, -0.01611696071488839]], "fy": 50.00000000000003, "fx": 50.00000000000003}, {"id": 97, "img_name": "frame_167", "width": 1080, "height": 1080, "position": [-0.00964905253393243, 0.5601150645919324, -0.8979944186506841], "rotation": [[0.99980067765927, -0.008290231571629685, 0.01816251669106542], [-0.01829318999949872, -0.015968488810176297, 0.9997051398111153], [-0.007997759167836654, -0.9998381266113069, -0.01611696071488839]], "fy": 50.00000000000003, "fx": 50.00000000000003}, {"id": 98, "img_name": "frame_168", "width": 1080, "height": 1080, "position": [-0.01