[{"id": 0, "img_name": "frame_1", "width": 88, "height": 88, "position": [0.001127452502461137, -10.374156080289197, -1.8085107748212517e-07], "rotation": [[0.9999997280898517, -1.1920662498808719e-07, -0.0007374416643225103], [0.0007374416643124591, -8.433765570062393e-08, 0.9999997280898556], [-1.1926878667562352e-07, -0.9999999999999896, -8.424972483643127e-08]], "fy": 50.0, "fx": 50.0}, {"id": 1, "img_name": "frame_10", "width": 88, "height": 88, "position": [0.001148590951740213, -10.35075706629224, 6.350517628735073e-07], "rotation": [[0.9999976940263228, -5.959824544255808e-08, -0.002147543255321096], [0.002147543255321096, -6.399505464275873e-11, 0.9999976940263244], [-5.959824544288383e-08, -0.9999999999999982, 6.399490295750708e-11]], "fy": 50.0, "fx": 50.0}, {"id": 2, "img_name": "frame_100", "width": 88, "height": 88, "position": [-0.06490670721052721, -8.331560453554282, 5.544365470816083e-07], "rotation": [[0.9984992440687377, -1.7707196444167484e-07, -0.05476549638347145], [0.05476549638344082, -1.73503045517675e-07, 0.9984992440687401], [-1.863082030493088e-07, -0.9999999999999694, -1.6354522576476098e-07]], "fy": 50.0, "fx": 50.0}, {"id": 3, "img_name": "frame_101", "width": 88, "height": 88, "position": [-0.06437773943641009, -8.293088593796115, 9.890398294648359e-08], "rotation": [[0.99671351525, -1.7897687457516546e-07, 0.08100721275266623], [-0.08100721275266626, 7.261140552812032e-09, 0.9967135152500161], [-1.7897687455257607e-07, -0.9999999999999838, -7.261140830752371e-09]], "fy": 50.0, "fx": 50.0}, {"id": 4, "img_name": "frame_102", "width": 88, "height": 88, "position": [-0.05814160326291821, -8.255087154480133, -4.812808702340608e-07], "rotation": [[0.9764781082740082, -9.560420335664127e-08, 0.21561656722433314], [-0.21561656722432426, 9.52233840313324e-08, 0.9764781082740103], [-1.1388715087935564e-07, -0.9999999999999913, 7.236969975559303e-08]], "fy": 50.0, "fx": 50.0}, {"id": 5, "img_name": "frame_103", "width": 88, "height": 88, "position": [-0.048505130887221394, -8.217249991927728, -4.005035233148487e-09], "rotation": [[0.9379398544691097, 2.52205802367195e-08, 0.3467979662547989], [-0.3467979662547998, 8.111949192157983e-08, 0.937939854469106], [-4.476687411027506e-09, -0.9999999999999962, 8.483165039108418e-08]], "fy": 50.0, "fx": 50.0}, {"id": 6, "img_name": "frame_104", "width": 88, "height": 88, "position": [-0.030994984762278268, -8.182110490827926, -6.913900753550227e-07], "rotation": [[0.9130956303394328, -2.364981251861042e-08, 0.4077454719000976], [-0.4077454719000941, 9.122757163557572e-08, 0.9130956303394303], [-5.87921697190485e-08, -0.9999999999999956, 7.365639305245273e-08]], "fy": 50.0, "fx": 50.0}, {"id": 7, "img_name": "frame_105", "width": 88, "height": 88, "position": [-0.012777905517917076, -8.146941788816385, -7.562834062512184e-07], "rotation": [[0.8865749083662275, -4.132738026907069e-08, 0.4625850536446391], [-0.46258505364463387, 9.69240778746956e-08, 0.886574908366226], [-8.1475448220691e-08, -0.9999999999999947, 6.68130270219863e-08]], "fy": 50.0, "fx": 50.0}, {"id": 8, "img_name": "frame_106", "width": 88, "height": 88, "position": [0.0058873111689564045, -8.11169315533515, 1.8523406721197164e-07], "rotation": [[0.8981444635795931, -4.2566692543576883e-08, 0.4397004918593143], [-0.43970049185930893, 9.638623954363622e-08, 0.8981444635795915], [-8.061211613898145e-08, -0.9999999999999942, 6.785217177577364e-08]], "fy": 50.0, "fx": 50.0}, {"id": 9, "img_name": "frame_107", "width": 88, "height": 88, "position": [0.024690808705810963, -8.076207619849777, 4.906965662139453e-07], "rotation": [[0.9102304738589136, -4.1190115072046095e-08, 0.4141020217996719], [-0.41410202179967204, 8.929241996613062e-09, 0.9102304738589144], [-4.119011517836226e-08, -0.9999999999999991, -8.92924176292133e-09]], "fy": 50.0, "fx": 50.0}, {"id": 10, "img_name": "frame_108", "width": 88, "height": 88, "position": [0.04362276207848651, -8.040480335367413, -3.6652841245064016e-07], "rotation": [[0.9216620914934777, -5.799586852951772e-08, 0.38799354260588537], [-0.3879935426058889, -7.42850119506963e-08, 0.9216620914934752], [-2.463048861356236e-08, -0.9999999999999958, -9.096770198910606e-08]], "fy": 50.0, "fx": 50.0}, {"id": 11, "img_name": "frame_109", "width": 88, "height": 88, "position": [0.058557984265237145, -8.002839970016309, -1.2156593993925168e-07], "rotation": [[0.9405830006768275, -5.604505929256806e-08, 0.33956386562437996], [-0.3395638656243836, -7.576764079391522e-08, 0.9405830006768249], [-2.6987077068384567e-08, -0.9999999999999956, -9.029663191874212e-08]], "fy": 50.0, "fx": 50.0}, {"id": 12, "img_name": "frame_11", "width": 88, "height": 88, "position": [0.001153038834530114, -10.345831350569135, 5.97591507095726e-07], "rotation": [[0.9999970124939992, -1.189904242112191e-07, -0.0024443819386851437], [0.0024443819386650487, -1.6873295429681633e-07, 0.999997012493992], [-1.1940251651328827e-07, -0.9999999999999785, -1.6844159216228603e-07]], "fy": 50.0, "fx": 50.0}, {"id": 13, "img_name": "frame_110", "width": 88, "height": 88, "position": [0.07000100267617587, -7.963491763320809, 2.8031999618932774e-07], "rotation": [[0.9627478566868577, -5.325667121188505e-08, 0.2704007478629801], [-0.2704007478629836, -7.775288749329232e-08, 0.9627478566868549], [-3.024830710927005e-08, -0.9999999999999956, -8.925706950536801e-08]], "fy": 50.0, "fx": 50.0}, {"id": 14, "img_name": "frame_111", "width": 88, "height": 88, "position": [0.08151898215105466, -7.923888869370806, -4.121571528574341e-07], "rotation": [[0.9799293620384344, -7.134649571007437e-08, 0.19934504110948484], [-0.19934504110949017, -7.753648985543884e-08, 0.9799293620384324], [-5.445801121265228e-08, -0.9999999999999942, -9.020285315502208e-08]], "fy": 50.0, "fx": 50.0}, {"id": 15, "img_name": "frame_112", "width": 88, "height": 88, "position": [0.08733789917517261, -7.883003772008775, -1.3900453414632985e-08], "rotation": [[0.992398646671931, -1.8398006065015204e-07, 0.1230647231487803], [-0.1230647231487954, -7.309042338690404e-08, 0.9923986466719433], [-1.7358671046548943e-07, -0.9999999999999805, -9.517629248104825e-08]], "fy": 50.0, "fx": 50.0}, {"id": 16, "img_name": "frame_113", "width": 88, "height": 88, "position": [0.09018029778809217, -7.841324536803793, -2.170052615644071e-07], "rotation": [[0.9990484821551835, -1.8012514846842594e-07, 0.04361341884548369], [-0.04361341884551344, -1.6469770309924332e-07, 0.9990484821551849], [-1.727707262760928e-07, -0.9999999999999702, -1.7239686384070382e-07]], "fy": 50.0, "fx": 50.0}, {"id": 17, "img_name": "frame_114", "width": 88, "height": 88, "position": [0.09217014467961958, -7.799408909794499, -5.27990820922195e-07], "rotation": [[0.9993716888960691, -1.1816503441785159e-07, -0.035443298844835776], [0.03544329884481535, -1.7070861333400084e-07, 0.9993716888960623], [-1.241412664115929e-07, -0.9999999999999785, -1.664131965889016e-07]], "fy": 50.0, "fx": 50.0}, {"id": 18, "img_name": "frame_115", "width": 88, "height": 88, "position": [0.08693839708514658, -7.757432666346233, 2.3775424663318266e-07], "rotation": [[0.9944615218368253, -1.744400837223645e-07, -0.10510129202799941], [0.10510129202798432, -9.360305096128837e-08, 0.994461521836838], [-1.83311752724366e-07, -0.9999999999999805, -7.47507543269252e-08]], "fy": 50.0, "fx": 50.0}, {"id": 19, "img_name": "frame_116", "width": 88, "height": 88, "position": [0.08167468426778005, -7.715202094481677, 4.955862202406675e-07], "rotation": [[0.9846275682254949, -6.822491409041175e-08, -0.17466697424053412], [0.17466697424053412, -6.0044714142327145e-09, 0.9846275682254974], [-6.822491412359014e-08, -0.9999999999999976, 6.004471227200521e-09]], "fy": 50.0, "fx": 50.0}, {"id": 20, "img_name": "frame_117", "width": 88, "height": 88, "position": [0.07207032397533865, -7.673569842522478, -9.183132806173435e-08], "rotation": [[0.9736010039637439, -1.682535797092523e-07, -0.22825662111045478], [0.22825662111043968, -1.0431493286551348e-07, 0.9736010039637566], [-1.876224282310296e-07, -0.9999999999999805, -6.315612977224856e-08]], "fy": 50.0, "fx": 50.0}, {"id": 21, "img_name": "frame_118", "width": 88, "height": 88, "position": [0.060707053480133125, -7.632025346528761, 2.6916805161811863e-07], "rotation": [[0.9613250229324138, -8.875910632532788e-08, -0.2754164125174573], [0.2754164125174111, -3.5294678415964896e-07, 0.9613250229323663], [-1.8253368704314388e-07, -0.9999999999999338, -3.148508607295074e-07]], "fy": 50.0, "fx": 50.0}, {"id": 22, "img_name": "frame_119", "width": 88, "height": 88, "position": [0.04791921315656402, -7.590671806124314, 7.42974681278765e-08], "rotation": [[0.9499377362263173, -1.5766716791472666e-07, -0.3124392697680539], [0.31243926976800335, -2.813697970347855e-07, 0.9499377362263052], [-2.3768496655939036e-07, -0.9999999999999478, -2.1802237321474172e-07]], "fy": 50.0, "fx": 50.0}, {"id": 23, "img_name": "frame_12", "width": 88, "height": 88, "position": [0.0011579003087404847, -10.340447616122493, 5.835839527920437e-07], "rotation": [[0.9999961669086034, -5.948152688300465e-08, -0.0027687845884192108], [0.0027687845884141874, -8.437612627370212e-08, 0.9999961669086015], [-5.971491820291856e-08, -0.9999999999999947, -8.42111113173695e-08]], "fy": 50.0, "fx": 50.0}, {"id": 24, "img_name": "frame_120", "width": 88, "height": 88, "position": [0.03296093605138511, -7.5497457612039485, -2.4520528026031704e-07], "rotation": [[0.9424704141440695, -6.74232842813151e-08, -0.3342895727705265], [0.33428957277048393, -3.537345697788725e-07, 0.9424704141440208], [-1.8179422889939557e-07, -0.9999999999999352, -3.1084546557006304e-07]], "fy": 50.0, "fx": 50.0}, {"id": 25, "img_name": "frame_121", "width": 88, "height": 88, "position": [0.01782025069307086, -7.508621939999743, 8.76314480543315e-08], "rotation": [[0.9354616925999896, -7.895716170044335e-08, -0.3534280997288647], [0.35342809972883266, -2.7148080113834424e-07, 0.9354616925999655], [-1.698103438121429e-07, -0.99999999999996, -2.260542101189204e-07]], "fy": 50.0, "fx": 50.0}, {"id": 26, "img_name": "frame_122", "width": 88, "height": 88, "position": [0.0017671701940215844, -7.467579575598976, 5.149816765460822e-07], "rotation": [[0.936768882792986, -1.7248683756916675e-08, -0.3499486537061985], [0.3499486537061824, -2.6009255393979845e-07, 0.9367688827929561], [-1.0717706924762135e-07, -0.999999999999966, -2.3761045752262903e-07]], "fy": 50.0, "fx": 50.0}, {"id": 27, "img_name": "frame_123", "width": 88, "height": 88, "position": [-0.014374713892686372, -7.426309582737546, 4.714980002109515e-07], "rotation": [[0.9380694225148225, 4.449937772179839e-08, -0.34644733877272765], [0.34644733877272754, -2.489350432816591e-07, 0.9380694225147905], [-4.4499377721798356e-08, -0.9999999999999678, -2.489350432816591e-07]], "fy": 50.0, "fx": 50.0}, {"id": 28, "img_name": "frame_124", "width": 88, "height": 88, "position": [-0.029202809493771926, -7.384294197297885, -9.404946035645482e-08], "rotation": [[0.9474614938204724, 3.058904655552531e-08, -0.31986984497991966], [0.31986984497991705, -2.512452548073481e-07, 0.9474614938204402], [-5.138383705522646e-08, -0.9999999999999678, -2.4782971799676333e-07]], "fy": 50.0, "fx": 50.0}, {"id": 29, "img_name": "frame_125", "width": 88, "height": 88, "position": [-0.043874801816676585, -7.341964651662199, -3.906053186083911e-07], "rotation": [[0.9573437929309164, -7.296619536026982e-08, -0.2889513144746731], [0.2889513144746731, -1.0771576529412582e-08, 0.957343792930919], [-7.296619547856496e-08, -0.9999999999999971, 1.0771576137481065e-08]], "fy": 50.0, "fx": 50.0}, {"id": 30, "img_name": "frame_126", "width": 88, "height": 88, "position": [-0.05567803135213287, -7.298555128486945, 2.813325568180203e-07], "rotation": [[0.9711587917253857, 1.9906970210108658e-08, -0.23843364119706034], [0.2384336411970577, -2.52316435379401e-07, 0.9711587917253537], [-4.082789731226302e-08, -0.9999999999999678, -2.497858159060449e-07]], "fy": 50.0, "fx": 50.0}, {"id": 31, "img_name": "frame_127", "width": 88, "height": 88, "position": [-0.0660196587834346, -7.254475131693501, -5.61855203258224e-08], "rotation": [[0.9842213714842596, -3.7501092613308806e-08, -0.17694149291119332], [0.1769414929111844, -1.7260050639946239e-07, 0.9842213714842467], [-6.744956809029442e-08, -0.9999999999999845, -1.6324160781337435e-07]], "fy": 50.0, "fx": 50.0}, {"id": 32, "img_name": "frame_128", "width": 88, "height": 88, "position": [-0.07256952685940474, -7.209592158227495, 3.457972405668545e-07], "rotation": [[0.9948412122741489, -5.4576514796855116e-08, -0.1014443806275084], [0.10144438062749776, -1.7158064556162106e-07, 0.9948412122741364], [-7.1700858476412e-08, -0.9999999999999836, -1.651590166921709e-07]], "fy": 50.0, "fx": 50.0}, {"id": 33, "img_name": "frame_129", "width": 88, "height": 88, "position": [-0.0754850860858282, -7.163939349471272, 2.662802811908832e-07], "rotation": [[0.9999216135103608, -1.78592882678262e-07, -0.012520656324837953], [0.012520656324822854, -8.541344467961574e-08, 0.999921613510373], [-1.7964831579850987e-07, -0.99999999999998, -8.317064931343056e-08]], "fy": 50.0, "fx": 50.0}, {"id": 34, "img_name": "frame_13", "width": 88, "height": 88, "position": [0.0011631760034305672, -10.334608997911134, 4.53699895592975e-07], "rotation": [[0.9999951303133912, -5.963131089777195e-08, -0.0031207930883005138], [0.003120793088295476, -8.438685021048737e-08, 0.9999951303133896], [-5.989437441069306e-08, -0.9999999999999947, -8.420034229007794e-08]], "fy": 50.0, "fx": 50.0}, {"id": 35, "img_name": "frame_130", "width": 88, "height": 88, "position": [-0.07475837628448509, -7.118212910997399, 3.020759444192438e-07], "rotation": [[0.9967753973701639, -6.128986577798777e-08, 0.08024217841975723], [-0.08024217841976213, -8.189874711888557e-08, 0.9967753973701622], [-5.4520496438772365e-08, -0.9999999999999949, -8.655268854858057e-08]], "fy": 50.0, "fx": 50.0}, {"id": 36, "img_name": "frame_131", "width": 88, "height": 88, "position": [-0.0677861754304452, -7.0725333389754095, 7.064982465599834e-08], "rotation": [[0.9839738987493548, -5.247205834457355e-08, 0.17831255306341065], [-0.17831255306341065, 4.716002872982064e-09, 0.9839738987493561], [-5.2472058329416725e-08, -0.9999999999999984, -4.716002956621272e-09]], "fy": 50.0, "fx": 50.0}, {"id": 37, "img_name": "frame_132", "width": 88, "height": 88, "position": [-0.05947214617073296, -7.026984973148103, 1.680936036800605e-07], "rotation": [[0.9631565291803191, -1.774665506463576e-07, 0.2689414439934634], [-0.2689414439934634, 2.4311922813259832e-08, 0.9631565291803351], [-1.7746655054091979e-07, -0.9999999999999838, -2.4311923190862948e-08]], "fy": 50.0, "fx": 50.0}, {"id": 38, "img_name": "frame_133", "width": 88, "height": 88, "position": [-0.04213992718732548, -6.983660451960838, -3.291499595816958e-07], "rotation": [[0.9486670457459272, -9.050163656185043e-08, 0.3162765187548495], [-0.3162765187548407, 1.0008551606515529e-07, 0.9486670457459291], [-1.1751061880378841e-07, -0.9999999999999909, 6.632428829427974e-08]], "fy": 50.0, "fx": 50.0}, {"id": 39, "img_name": "frame_134", "width": 88, "height": 88, "position": [-0.02472477710360835, -6.940126451079702, -1.823704757010067e-07], "rotation": [[0.931766864992081, -4.142165601206721e-08, 0.3630571708461731], [-0.36305717084617317, 7.784805719080141e-09, 0.9317668649920822], [-4.1421656203527566e-08, -0.9999999999999993, -7.784805227707353e-09]], "fy": 50.0, "fx": 50.0}, {"id": 40, "img_name": "frame_135", "width": 88, "height": 88, "position": [-0.006695420930949258, -6.89660448663676, 2.9605677009603263e-07], "rotation": [[0.9306235987624434, -1.2422819569836404e-07, 0.36597775537103816], [-0.36597775537103816, 2.3549259634672428e-08, 0.9306235987624515], [-1.2422819576185104e-07, -0.999999999999992, -2.3549259473234963e-08]], "fy": 50.0, "fx": 50.0}, {"id": 41, "img_name": "frame_136", "width": 88, "height": 88, "position": [0.011738354286941687, -6.853012960171535, -4.347372820955441e-08], "rotation": [[0.9395230083105853, -1.5136089707287472e-07, 0.34248579073445495], [-0.34248579073444063, 1.1232548867765948e-07, 0.9395230083105959], [-1.80676929133024e-07, -0.9999999999999822, 5.369342451749064e-08]], "fy": 50.0, "fx": 50.0}, {"id": 42, "img_name": "frame_137", "width": 88, "height": 88, "position": [0.030257911891800004, -6.809216774964929, 6.801652380239019e-08], "rotation": [[0.9478666416703174, -1.3915689364992223e-07, 0.3186672710031804], [-0.318667271003152, 1.9359436544196134e-07, 0.9478666416703175], [-1.9359436553699123e-07, -0.9999999999999716, 1.3915689348620405e-07]], "fy": 50.0, "fx": 50.0}, {"id": 43, "img_name": "frame_138", "width": 88, "height": 88, "position": [0.04703593497698767, -6.76465183892583, -2.1507870780088901e-07], "rotation": [[0.9580919140524222, -1.6503553738336453e-07, 0.2864609645786648], [-0.2864609645786498, 1.0933500297958107e-07, 0.9580919140524343], [-1.8943942427810345e-07, -0.9999999999999802, 5.747674305488478e-08]], "fy": 50.0, "fx": 50.0}, {"id": 44, "img_name": "frame_139", "width": 88, "height": 88, "position": [0.05696728376415772, -6.7177098369809265, 1.5928724569555543e-07], "rotation": [[0.9748896395672927, -5.2351790802004574e-08, 0.22268855081559893], [-0.22268855081559893, 5.903187814200108e-09, 0.974889639567294], [-5.2351790808958026e-08, -0.9999999999999987, -5.903187783759157e-09]], "fy": 50.0, "fx": 50.0}, {"id": 45, "img_name": "frame_14", "width": 88, "height": 88, "position": [0.0011688617382655648, -10.328313873734308, 9.335481688957638e-07], "rotation": [[0.9999938745882947, -1.1921349574817107e-07, -0.003500112266172808], [0.0035001122661627465, -8.450246075953848e-08, 0.9999938745882984], [-1.195085336157051e-07, -0.9999999999999893, -8.408468252841645e-08]], "fy": 50.0, "fx": 50.0}, {"id": 46, "img_name": "frame_140", "width": 88, "height": 88, "position": [0.06694258897320196, -6.670561745610109, -1.4332219159090214e-08], "rotation": [[0.98749332877045, -1.7472523036609586e-07, 0.15766079295064195], [-0.1576607929506561, -7.069816547627668e-08, 0.9874933287704606], [-1.6139367051257973e-07, -0.9999999999999822, -9.736128513199943e-08]], "fy": 50.0, "fx": 50.0}, {"id": 47, "img_name": "frame_141", "width": 88, "height": 88, "position": [0.07419616589206535, -6.6228967819745135, -8.365096118426195e-08], "rotation": [[0.9958578378997258, -1.6600335519147635e-07, 0.09092396105348446], [-0.09092396105345514, 1.7632474742966955e-07, 0.9958578378997267], [-1.8134788684870054e-07, -0.9999999999999705, 1.6050069914172689e-07]], "fy": 50.0, "fx": 50.0}, {"id": 48, "img_name": "frame_142", "width": 88, "height": 88, "position": [0.07490503610910307, -6.574289163879585, 1.7615441841156035e-07], "rotation": [[0.9997634640088675, -1.1695579446304285e-07, 0.021748931766315326], [-0.021748931766305386, 8.557066539000459e-08, 0.9997634640088712], [-1.1878920077033519e-07, -0.9999999999999893, 8.300676125442212e-08]], "fy": 50.0, "fx": 50.0}, {"id": 49, "img_name": "frame_143", "width": 88, "height": 88, "position": [0.07561687486319787, -6.525474180708375, -8.214401039205877e-09], "rotation": [[0.9988557215137238, -1.7907285676131047e-07, -0.04782517746193903], [0.04782517746193903, -4.284546943185666e-09, 0.9988557215137399], [-1.7907285676218678e-07, -0.999999999999984, 4.284546924883616e-09]], "fy": 50.0, "fx": 50.0}, {"id": 50, "img_name": "frame_144", "width": 88, "height": 88, "position": [0.0706630068292862, -6.476849597234801, -2.859379719676771e-07], "rotation": [[0.9939305884688131, -6.312427099223256e-08, -0.11000902374821236], [0.11000902374821236, -3.4826888885420664e-09, 0.993930588468815], [-6.312427104509391e-08, -0.9999999999999978, 3.4826884109401266e-09]], "fy": 50.0, "fx": 50.0}, {"id": 51, "img_name": "frame_145", "width": 88, "height": 88, "position": [0.06313128744043982, -6.428200409254534, -3.6210901111700047e-07], "rotation": [[0.9856695224491343, -1.7134594374187858e-07, -0.16868785526784771], [0.16868785526783261, -9.915360889984543e-08, 0.9856695224491465], [-1.8561648419397946e-07, -0.9999999999999802, -6.882871057224242e-08]], "fy": 50.0, "fx": 50.0}, {"id": 52, "img_name": "frame_146", "width": 88, "height": 88, "position": [0.05411011243031832, -6.379670724479273, 3.427050733205485e-07], "rotation": [[0.9750327683966522, -3.2248768147554725e-07, -0.22206102889218596], [0.22206102889223747, 1.3339103302382017e-07, 0.9750327683966846], [-2.848151067770399e-07, -0.9999999999999392, 2.016725745585157e-07]], "fy": 50.0, "fx": 50.0}, {"id": 53, "img_name": "frame_147", "width": 88, "height": 88, "position": [0.04064768349533627, -6.331904009761524, -4.914270640880731e-07], "rotation": [[0.9655493910622791, -1.990833760952044e-07, -0.26021985592806396], [0.26021985592807995, 5.867247554491025e-08, 0.9655493910622934], [-1.769570894489326e-07, -0.9999999999999785, 1.0845662048201041e-07]], "fy": 50.0, "fx": 50.0}, {"id": 54, "img_name": "frame_148", "width": 88, "height": 88, "position": [0.027131548957113307, -6.283947020639288, -1.6481318608159463e-07], "rotation": [[0.9545266137708343, -1.874922887251341e-07, -0.2981257177821958], [0.2981257177821959, -2.8598369091999796e-08, 0.9545266137708521], [-1.8749228883063588e-07, -0.9999999999999818, 2.859836875420849e-08]], "fy": 50.0, "fx": 50.0}, {"id": 55, "img_name": "frame_149", "width": 88, "height": 88, "position": [0.010817788943549886, -6.236670341541972, 2.2000565180307932e-07], "rotation": [[0.9493117648472363, -1.7683967098657957e-07, -0.31433608307446065], [0.3143360830744606, -2.8516264144939818e-08, 0.9493117648472525], [-1.7683967088079407e-07, -0.999999999999984, 2.8516264464417746e-08]], "fy": 50.0, "fx": 50.0}, {"id": 56, "img_name": "frame_15", "width": 88, "height": 88, "position": [0.0011749570952883797, -10.321569228398102, 1.2402482438560576e-07], "rotation": [[0.9999923691495662, -5.976281646987243e-08, -0.003906615240087037], [0.0039066152400920595, 8.41771227102316e-08, 0.9999923691495645], [-5.9433512798322145e-08, -0.9999999999999949, 8.440995069681056e-08]], "fy": 50.0, "fx": 50.0}, {"id": 57, "img_name": "frame_150", "width": 88, "height": 88, "position": [-0.005865047169334941, -6.18930815774113, -1.9933698698738327e-07], "rotation": [[0.9446294040596339, -1.906526910184716e-07, -0.32813913053140165], [0.3281391305314167, 5.331437789409357e-08, 0.9446294040596467], [-1.6260160429644568e-07, -0.9999999999999805, 1.1292293728474234e-07]], "fy": 50.0, "fx": 50.0}, {"id": 58, "img_name": "frame_151", "width": 88, "height": 88, "position": [-0.022685851152317273, -6.141790955339741, -1.8627757065247035e-07], "rotation": [[0.9455546283969426, -1.9745376822512767e-07, -0.3254634306908856], [0.3254634306908856, -3.303118814307318e-08, 0.9455546283969624], [-1.974537682793282e-07, -0.99999999999998, 3.3031187985606713e-08]], "fy": 50.0, "fx": 50.0}, {"id": 59, "img_name": "frame_152", "width": 88, "height": 88, "position": [-0.03961598898084282, -6.094110726854862, -5.7976559050329935e-08], "rotation": [[0.9499232162437095, -1.248475764768043e-07, -0.312483412745687], [0.312483412745687, -2.0007350066810568e-08, 0.9499232162437176], [-1.2484757635754841e-07, -0.9999999999999922, 2.0007350429338476e-08]], "fy": 50.0, "fx": 50.0}, {"id": 60, "img_name": "frame_153", "width": 88, "height": 88, "position": [-0.055374893901107135, -6.045858766909982, 3.343404939316075e-07], "rotation": [[0.9579070947191568, -2.1211200728274723e-07, -0.2870783828271633], [0.2870783828271952, 1.3928903546124347e-07, 0.9579070947191607], [-1.6319672558635552e-07, -0.9999999999999678, 1.9431872731247246e-07]], "fy": 50.0, "fx": 50.0}, {"id": 61, "img_name": "frame_154", "width": 88, "height": 88, "position": [-0.06936444190829852, -5.996846496132672, -3.1986308423858295e-07], "rotation": [[0.9700474476962928, -1.1517450633771955e-07, -0.2429155186847781], [0.24291551868476743, -9.913360092955375e-08, 0.9700474476962968], [-1.3580582609619496e-07, -0.999999999999988, -6.81866216062433e-08]], "fy": 50.0, "fx": 50.0}, {"id": 62, "img_name": "frame_155", "width": 88, "height": 88, "position": [-0.08165510588373759, -5.947281571311858, 6.2295442918189154e-09], "rotation": [[0.9818604498755661, -6.293292295490481e-08, -0.18960500249240986], [0.18960500249240986, -6.020805795498817e-09, 0.9818604498755683], [-6.293292292957858e-08, -0.999999999999998, 6.020805926649557e-09]], "fy": 50.0, "fx": 50.0}, {"id": 63, "img_name": "frame_156", "width": 88, "height": 88, "position": [-0.0890699775491352, -5.896483597571846, -1.1609151978435295e-07], "rotation": [[0.993772913842672, -1.8880869472460017e-07, -0.11142439460283891], [0.11142439460285444, 7.387342854181068e-08, 0.9937729138426855], [-1.7940166467253533e-07, -0.9999999999999793, 9.445130684373867e-08]], "fy": 50.0, "fx": 50.0}, {"id": 64, "img_name": "frame_157", "width": 88, "height": 88, "position": [-0.0947705963007491, -5.8454278844752485, 8.774618694086612e-08], "rotation": [[0.9995952037135122, -1.7790676077609106e-07, -0.02845046068011347], [0.028450460680098367, -8.683350633349235e-08, 0.9995952037135246], [-1.8030519803443716e-07, -0.9999999999999802, -8.173682715045155e-08]], "fy": 50.0, "fx": 50.0}, {"id": 65, "img_name": "frame_158", "width": 88, "height": 88, "position": [-0.09201847130272839, -5.793806966076353, -3.4576509289935755e-07], "rotation": [[0.9972898457104428, -1.675319778362912e-07, 0.07357284582516269], [-0.07357284582513338, 1.7487299443256772e-07, 0.9972898457104435], [-1.799438441821561e-07, -0.9999999999999707, 1.6207325726071045e-07]], "fy": 50.0, "fx": 50.0}, {"id": 66, "img_name": "frame_159", "width": 88, "height": 88, "position": [-0.088671294881042, -5.742110908070596, 1.0420173238772257e-07], "rotation": [[0.9845562715817356, -3.241731116979367e-08, 0.1750684097405078], [-0.1750684097404998, 1.7210180012086086e-07, 0.9845562715817228], [-6.204625552112356e-08, -0.9999999999999847, 1.6376865954048878e-07]], "fy": 50.0, "fx": 50.0}, {"id": 67, "img_name": "frame_16", "width": 88, "height": 88, "position": [0.0011814602855260434, -10.31437158291725, 4.641405945397695e-07], "rotation": [[0.9999905806585274, -1.1899504908966755e-07, -0.004340344941016712], [0.004340344940996588, -1.6884603579207263e-07, 0.9999905806585203], [-1.1972677827173138e-07, -0.9999999999999787, -1.6832796581428684e-07]], "fy": 50.0, "fx": 50.0}, {"id": 68, "img_name": "frame_160", "width": 88, "height": 88, "position": [-0.07384306348466106, -5.692222476602144, -2.264338229496319e-07], "rotation": [[0.9619860510707355, -8.111852725834744e-08, 0.27309858576222185], [-0.273098585762204, 1.8150405702986948e-07, 0.961986051070727], [-1.2760339304457374e-07, -0.9999999999999805, 1.524510159948779e-07]], "fy": 50.0, "fx": 50.0}, {"id": 69, "img_name": "frame_161", "width": 88, "height": 88, "position": [-0.05896591147384345, -5.642169642209831, -2.951037566287909e-07], "rotation": [[0.9295581809797682, -1.6559187650339636e-07, 0.36867545100475163], [-0.36867545100475163, 3.163919076752545e-08, 0.9295581809797823], [-1.6559187636269537e-07, -0.9999999999999856, -3.163919112228126e-08]], "fy": 50.0, "fx": 50.0}, {"id": 70, "img_name": "frame_162", "width": 88, "height": 88, "position": [-0.035817669986835166, -5.595457722727159, 2.2005581535500335e-07], "rotation": [[0.9080623065840232, -1.4659406708613912e-07, 0.4188351076035558], [-0.4188351076035416, 1.1847918671402255e-07, 0.9080623065840338], [-1.827397895961347e-07, -0.999999999999982, 4.618774170174885e-08]], "fy": 50.0, "fx": 50.0}, {"id": 71, "img_name": "frame_163", "width": 88, "height": 88, "position": [-0.009843295499188526, -5.549767318088534, 4.461802613753716e-08], "rotation": [[0.8909841651434962, -1.442483513039524e-07, 0.45403437916475664], [-0.4540343791647425, 1.2132415342335965e-07, 0.890984165143507], [-1.8360833355467138e-07, -0.9999999999999822, 4.260418892061762e-08]], "fy": 50.0, "fx": 50.0}, {"id": 72, "img_name": "frame_164", "width": 88, "height": 88, "position": [0.016144102121083356, -5.503894819390252, -3.448834895838487e-07], "rotation": [[0.8762166405048434, -4.082174692519155e-08, 0.4819174191730408], [-0.4819174191730408, 1.0485309015844096e-08, 0.8762166405048445], [-4.082174709239024e-08, -0.9999999999999993, -1.0485308711845382e-08]], "fy": 50.0, "fx": 50.0}, {"id": 73, "img_name": "frame_165", "width": 88, "height": 88, "position": [0.041407700585876506, -5.457428795299315, 2.803862046204493e-07], "rotation": [[0.9031487071592438, -2.2612530789351817e-07, 0.42932786161223563], [-0.4293278616122357, 5.101119760778636e-08, 0.9031487071592708], [-2.2612530783989508e-07, -0.9999999999999729, -5.101119772058973e-08]], "fy": 50.0, "fx": 50.0}, {"id": 74, "img_name": "frame_166", "width": 88, "height": 88, "position": [0.06674876770496838, -5.410821207672965, 1.7213323180150322e-07], "rotation": [[0.9269955011982012, -7.121660814844386e-08, 0.3750724473462306], [-0.3750724473462128, 1.8561286510887398e-07, 0.9269955011981925], [-1.3563574703980435e-07, -0.9999999999999805, 1.4535090338891497e-07]], "fy": 50.0, "fx": 50.0}, {"id": 75, "img_name": "frame_167", "width": 88, "height": 88, "position": [0.084675948890129, -5.361280148251233, -3.397980425064652e-08], "rotation": [[0.9599675437117493, -1.8775307588303471e-07, 0.2801112547185412], [-0.2801112547185412, 2.6832969607231676e-08, 0.9599675437117673], [-1.877530758480488e-07, -0.999999999999982, -2.6832969727131714e-08]], "fy": 50.0, "fx": 50.0}, {"id": 76, "img_name": "frame_168", "width": 88, "height": 88, "position": [0.09608759874643792, -5.309143231436957, 8.82744762051378e-09], "rotation": [[0.9892156464467958, -1.8483032691478098e-07, 0.1464663948652175], [-0.14646639486523258, -7.091278521216284e-08, 0.9892156464468082], [-1.724507113121383e-07, -0.9999999999999802, -9.721946830877764e-08]], "fy": 50.0, "fx": 50.0}, {"id": 77, "img_name": "frame_169", "width": 88, "height": 88, "position": [0.10077734704216193, -5.256382848497943, 9.688557800707625e-08], "rotation": [[0.9999477066560826, -1.7879249810389572e-07, 0.010226629611420728], [-0.010226629611420728, 9.142463712781775e-10, 0.9999477066560986], [-1.7879249810674027e-07, -0.9999999999999842, -9.142460931406554e-10]], "fy": 50.0, "fx": 50.0}, {"id": 78, "img_name": "frame_17", "width": 88, "height": 88, "position": [0.0011883661354623284, -10.30672795647907, 3.752401091585749e-08], "rotation": [[0.9999884748981476, -5.91934070293828e-08, -0.004801048934705215], [0.0048010489346951655, -1.6872997631723816e-07, 0.9999884748981349], [-6.000280569314971e-08, -0.9999999999999838, -1.6844384124331442e-07]], "fy": 50.0, "fx": 50.0}, {"id": 79, "img_name": "frame_170", "width": 88, "height": 88, "position": [0.09665568947476483, -5.202858033834747, 2.1717071451287714e-08], "rotation": [[0.9920454823155638, -5.783655715153169e-08, -0.12587994684332054], [0.12587994684332052, -3.6547671297285855e-09, 0.9920454823155657], [-5.78365571019624e-08, -0.9999999999999984, 3.654767520378467e-09]], "fy": 50.0, "fx": 50.0}, {"id": 80, "img_name": "frame_171", "width": 88, "height": 88, "position": [0.08622658350946172, -5.150406095987687, 5.2168267661297267e-08], "rotation": [[0.9707868628608436, -7.294439618160037e-08, -0.23994346604314185], [0.23994346604314715, 7.603515930423973e-08, 0.9707868628608421], [-5.256932183430376e-08, -0.9999999999999944, 9.13164650133453e-08]], "fy": 50.0, "fx": 50.0}, {"id": 81, "img_name": "frame_172", "width": 88, "height": 88, "position": [0.06987622374494373, -5.09895229038215, -4.647729715136677e-08], "rotation": [[0.9429800596994263, -1.7270475295022224e-07, -0.3328492256401334], [0.3328492256401175, -1.1510743357489693e-07, 0.9429800596994405], [-2.0117055837023176e-07, -0.9999999999999785, -5.1059371299035476e-08]], "fy": 50.0, "fx": 50.0}, {"id": 82, "img_name": "frame_173", "width": 88, "height": 88, "position": [0.04920842413246701, -5.049048161377987, -7.089494528108309e-08], "rotation": [[0.9184549446163482, -2.0277486422822344e-07, -0.39552561827236893], [0.39552561827238486, 4.426067282130715e-08, 0.9184549446163627], [-1.6873334674145457e-07, -0.9999999999999785, 1.2085408736158206e-07]], "fy": 50.0, "fx": 50.0}, {"id": 83, "img_name": "frame_174", "width": 88, "height": 88, "position": [0.02577212444038092, -5.00008260495366, 3.4220561573697146e-07], "rotation": [[0.8982115600099694, -2.0378792847926855e-07, -0.43956341233593993], [0.4395634123359559, 3.9333656096663065e-08, 0.898211560009984], [-1.657550370269765e-07, -0.9999999999999785, 1.2490766183107036e-07]], "fy": 50.0, "fx": 50.0}, {"id": 84, "img_name": "frame_175", "width": 88, "height": 88, "position": [0.000657022336572071, -4.9518091270113835, -1.7617664718045286e-08], "rotation": [[0.8892624680553156, -2.0481712253416618e-07, -0.45739727033305166], [0.45739727033305183, -4.9586965481246214e-08, 0.8892624680553375], [-2.0481712255003534e-07, -0.9999999999999778, 4.9586965450393714e-08]], "fy": 50.0, "fx": 50.0}, {"id": 85, "img_name": "frame_176", "width": 88, "height": 88, "position": [-0.02536191743124957, -4.903835097873685, 1.899512480891747e-07], "rotation": [[0.8868944574798749, -2.2473446553313532e-07, -0.4619721001223211], [0.4619721001223389, 3.1761145220397495e-08, 0.8868944574798936], [-1.846429889327856e-07, -0.9999999999999742, 1.3198983666741174e-07]], "fy": 50.0, "fx": 50.0}, {"id": 86, "img_name": "frame_177", "width": 88, "height": 88, "position": [-0.050473822666901716, -4.855227098606003, -2.0453465461109384e-07], "rotation": [[0.8967677794236434, -1.8470119066677516e-07, -0.4425014686840639], [0.4425014686840639, -4.3089380104316096e-08, 0.8967677794236615], [-1.847011905163221e-07, -0.9999999999999822, 4.308938040922234e-08]], "fy": 50.0, "fx": 50.0}, {"id": 87, "img_name": "frame_178", "width": 88, "height": 88, "position": [-0.0751650475540303, -4.806242829084684, 2.288100631268354e-07], "rotation": [[0.9118192345374511, -1.825287083672361e-07, -0.41059186977764583], [0.41059186977766005, 4.70149878721486e-08, 0.9118192345374616], [-1.4712921539609426e-07, -0.999999999999982, 1.1781397391888488e-07]], "fy": 50.0, "fx": 50.0}, {"id": 88, "img_name": "frame_179", "width": 88, "height": 88, "position": [-0.09615013490473144, -4.755487964751905, 1.2960565829548496e-07], "rotation": [[0.9359339122894929, -1.6586523539226783e-07, -0.3521756831844811], [0.35217568318448117, -3.0173397010737975e-08, 0.9359339122895072], [-1.6586523536783072e-07, -0.9999999999999858, 3.0173397075681433e-08]], "fy": 50.0, "fx": 50.0}, {"id": 89, "img_name": "frame_18", "width": 88, "height": 88, "position": [0.001195676573008972, -10.298635862911986, 3.890800057690946e-07], "rotation": [[0.9999860143729141, -1.7873594205446564e-07, -0.005288767204358131], [0.005288767204343046, -8.476664309343235e-08, 0.9999860143729268], [-1.791817533628962e-07, -0.9999999999999805, -8.38201647901963e-08]], "fy": 50.0, "fx": 50.0}, {"id": 90, "img_name": "frame_180", "width": 88, "height": 88, "position": [-0.11539166368058872, -4.703824399359398, 4.596399159925436e-08], "rotation": [[0.9601439837037056, -1.8922978654729146e-07, -0.27950586855653387], [0.27950586855654896, 5.816322742640241e-08, 0.960143983703718], [-1.6543087773448585e-07, -0.9999999999999802, 1.0873590873622002e-07]], "fy": 50.0, "fx": 50.0}, {"id": 91, "img_name": "frame_181", "width": 88, "height": 88, "position": [-0.12745971485513258, -4.650107382240541, -1.2826715842419898e-07], "rotation": [[0.983586809193392, -1.8602377793057838e-07, -0.1804355529842366], [0.18043555298425168, 6.772020199741322e-08, 0.9835868091934046], [-1.7075140206595488e-07, -0.9999999999999805, 1.0017400063911691e-07]], "fy": 50.0, "fx": 50.0}, {"id": 92, "img_name": "frame_182", "width": 88, "height": 88, "position": [-0.13656462731812724, -4.59546403424001, -3.4617116581577153e-07], "rotation": [[0.9976234051638202, -1.790176414485984e-07, -0.0689024053956909], [0.06890240539569091, -6.174710317535747e-09, 0.9976234051638364], [-1.7901764143108775e-07, -0.9999999999999842, 6.174710571068754e-09]], "fy": 50.0, "fx": 50.0}, {"id": 93, "img_name": "frame_183", "width": 88, "height": 88, "position": [-0.1354853632556024, -4.540302996820726, -3.1829760146920074e-07], "rotation": [[0.9986809811563773, 2.633309156527428e-09, 0.05134489143561759], [-0.05134489143561759, -6.764825570145345e-11, 0.9986809811563773], [2.633309172415144e-09, -0.9999999999999998, 6.764794667829912e-11]], "fy": 50.0, "fx": 50.0}, {"id": 94, "img_name": "frame_184", "width": 88, "height": 88, "position": [-0.13053494560590492, -4.484867806166703, -2.03161842573852e-08], "rotation": [[0.9847538912606909, -1.7530328046222e-07, 0.17395336629941027], [-0.17395336629942448, -6.925241163767294e-08, 0.9847538912607012], [-1.6058389741473303e-07, -0.9999999999999822, -9.86911775951768e-08]], "fy": 50.0, "fx": 50.0}, {"id": 95, "img_name": "frame_185", "width": 88, "height": 88, "position": [-0.11667079317003624, -4.431319808620316, 2.036260533681037e-07], "rotation": [[0.9597346724032969, -1.5339101807088656e-07, 0.2809080963356392], [-0.280908096335609, 1.9229756423658257e-07, 0.9597346724032988], [-2.0123262116040458e-07, -0.9999999999999698, 1.4146586093679316e-07]], "fy": 50.0, "fx": 50.0}, {"id": 96, "img_name": "frame_186", "width": 88, "height": 88, "position": [-0.0971893679946818, -4.378916098449435, 5.697118968030171e-08], "rotation": [[0.9263534487515929, -1.0340894496633656e-07, 0.3766553968629941], [-0.37665539686299404, 2.0219309811095675e-08, 0.9263534487515983], [-1.0340894495588228e-07, -0.9999999999999944, -2.0219309836807155e-08]], "fy": 50.0, "fx": 50.0}, {"id": 97, "img_name": "frame_187", "width": 88, "height": 88, "position": [-0.07567626604984995, -4.3274095390434795, -1.931860651445973e-07], "rotation": [[0.8892063528888211, -4.0962815303022336e-08, 0.45750635184897687], [-0.45750635184897687, 9.919905348659386e-09, 0.8892063528888218], [-4.0962815309371516e-08, -0.9999999999999991, -9.919905336319168e-09]], "fy": 50.0, "fx": 50.0}, {"id": 98, "img_name": "frame_188", "width": 88, "height": 88, "position": [-0.044706199028037144, -4.280571801486742, -2.773742218494802e-07], "rotation": [[0.8754102487282751, -1.4221308001732895e-07, 0.48338069512701826], [-0.48338069512700405, 1.237035746177538e-07, 0.8754102487282859], [-1.842907077134167e-07, -0.9999999999999825, 3.954831953479188e-08]], "fy": 50.0, "fx": 50.0}, {"id": 99, "img_name": "frame_189", "width": 88, "height": 88, "position": [-0.013670574843538428, -4.233634596169912, 1.1608514571013992e-07], "rotation": [[0.8608301105770342, -1.4038027303390758e-07, 0.5088924451432848], [-0.5088924451432705, 1.257796354619504e-07, 0.8608301105770451], [-1.848518721881623e-07, -0.9999999999999822, 3.6836437125191724e-08]], "fy": 50.0, "fx": 50.0}, {"id": 100, "img_name": "frame_19", "width": 88, "height": 88, "position": [0.0012033825555798046, -10.290098537377286, 4.56165709360256e-07], "rotation": [[0.9999831614996761, -5.959802840622451e-08, -0.005803164404809203], [0.005803164404809203, -1.7293007841093275e-10, 0.9999831614996777], [-5.959802840673459e-08, -0.9999999999999982, 1.7292999051580382e-10]], "fy": 50.0, "fx": 50.0}, {"id": 101, "img_name": "frame_190", "width": 88, "height": 88, "position": [0.01701290901706973, -4.18633985002666, 1.6097084073594023e-07], "rotation": [[0.8544099042569954, -1.826272163810784e-07, 0.5195995722741877], [-0.5195995722741876, 5.117154701630441e-08, 0.8544099042570137], [-1.826272164243438e-07, -0.999999999999982, -5.11715469451605e-08]], "fy": 50.0, "fx": 50.0}, {"id": 102, "img_name": "frame_191", "width": 88, "height": 88, "position": [0.045699366608884504, -4.1376637154685545, 1.0298320940176129e-07], "rotation": [[0.889264488044177, -1.638537880541959e-07, 0.4573933430904967], [-0.4573933430904967, 3.966921099356863e-08, 0.8892644880441911], [-1.638537879082009e-07, -0.9999999999999856, -3.966921127741218e-08]], "fy": 50.0, "fx": 50.0}, {"id": 103, "img_name": "frame_192", "width": 88, "height": 88, "position": [0.07444407108078666, -4.088889416992209, -2.