[{"id": 0, "img_name": "0216", "width": 424, "height": 308, "position": [-2.096012010064975, -2.140899039612252, -6.808446297533794], "rotation": [[0.9989063163157101, 0.001398846660543938, 0.04673558015686478], [-0.0036559436272308697, 0.9988288632359862, 0.04824454417757639], [-0.0466133596812433, -0.048362642553192815, 0.9977415745094012]], "fy": 58.013789760374294, "fx": 58.0137897603743}, {"id": 1, "img_name": "0224", "width": 424, "height": 308, "position": [-0.60206915638308, -0.905831613329165, -2.783344406726072], "rotation": [[0.9998268839017196, -0.004561457198558816, 0.0180387176817864], [0.0037621229569379123, 0.9990200186397789, 0.04410043976915571], [-0.018222202343140575, -0.04402494139918606, 0.9988642329548917]], "fy": 58.013789760374294, "fx": 58.0137897603743}, {"id": 2, "img_name": "0232", "width": 424, "height": 308, "position": [0.4250292552539652, -0.03142543093305871, -0.187804235210505], "rotation": [[0.9999877551663068, 0.004913972164476695, -0.0005851452958092067], [-0.004881120646827581, 0.9988875496151687, 0.04690242941506385], [0.0008149715832916583, -0.04689899893783109, 0.9988993040942353]], "fy": 58.013789760374294, "fx": 58.0137897603743}, {"id": 3, "img_name": "0240", "width": 424, "height": 308, "position": [0.3969011373002556, 0.5737528247768522, 1.891902840144009], "rotation": [[0.9996133847107715, -0.0016476749478817508, -0.027755472871873705], [0.002930585553516584, 0.998925836195004, 0.04624484241972908], [0.02764946247920046, -0.046308303244430984, 0.9985444648463249]], "fy": 58.013789760374294, "fx": 58.0137897603743}, {"id": 4, "img_name": "0248", "width": 424, "height": 308, "position": [0.2790658389005432, 1.300887727043924, 4.238193961033499], "rotation": [[0.9912624222937341, -0.03262043466327703, -0.12780734482312814], [0.034678144392490395, 0.9993017597765406, 0.013907523467632835], [0.12726443513351515, -0.01821812695882992, 0.9917014991418835]], "fy": 58.013789760374294, "fx": 58.0137897603743}, {"id": 5, "img_name": "0217", "width": 424, "height": 308, "position": [-1.8522824184150413, -2.0453093372565987, -6.188032791449105], "rotation": [[0.9994858056243812, -0.0043419162376492374, 0.031769043403401316], [0.002835817864452331, 0.9988766979560659, 0.04730011012065486], [-0.031938730288187916, -0.04718569744924474, 0.9983753940596728]], "fy": 58.013789760374294, "fx": 58.0137897603743}, {"id": 6, "img_name": "0218", "width": 424, "height": 308, "position": [-1.6541329871880979, -1.9191551511627272, -5.608114072004466], "rotation": [[0.9997094160484116, -0.004576279982238486, 0.023667300768533912], [0.0033979657444877516, 0.9987639134629773, 0.04958930321064828], [-0.02386498047230231, -0.04949447267768884, 0.9984892387409161]], "fy": 58.013789760374294, "fx": 58.0137897603743}, {"id": 7, "img_name": "0219", "width": 424, "height": 308, "position": [-1.4276084157730868, -1.73606619321921, -5.0791241718632705], "rotation": [[0.9998785589478034, -0.008715064385995048, 0.012919559172505896], [0.008157463676574096, 0.9990588523311955, 0.042601236660923525], [-0.013278672479931673, -0.04249067228725149, 0.9990086183941299]], "fy": 58.013789760374294, "fx": 58.0137897603743}, {"id": 8, "img_name": "0220", "width": 424, "height": 308, "position": [-1.2402964234888656, -1.5531084677931362, -4.562845804198178], "rotation": [[0.9999002167505527, -0.010947536090274726, 0.008927933453475104], [0.010504469303386731, 0.9987801203592352, 0.04824859894179312], [-0.009445245727441577, -0.048150001336904724, 0.9987954568901505]], "fy": 58.013789760374294, "fx": 58.0137897603743}, {"id": 9, "img_name": "0221", "width": 424, "height": 308, "position": [-1.067705586584906, -1.3537449719104173, -4.076909877691911], "rotation": [[0.9998441411559114, -0.01431168126555776, 0.010337754860284412], [0.013844928991710958, 0.9989403439874496, 0.0438919935233118], [-0.010954968617606005, -0.04374202708596214, 0.9989827945109957]], "fy": 58.013789760374294, "fx": 58.0137897603743}, {"id": 10, "img_name": "0222", "width": 424, "height": 308, "position": [-0.9044854116454341, -1.19591055135433, -3.6162549449603816], "rotation": [[0.9998536090264352, -0.007938431565990762, 0.015157236591287686], [0.007286791490029135, 0.9990667595858257, 0.04257361342966633], [-0.015481058962261847, -0.04245693341434244, 0.9989783509258131]], "fy": 58.013789760374294, "fx": 58.0137897603743}, {"id": 11, "img_name": "0223", "width": 424, "height": 308, "position": [-0.7709046650837652, -1.0254328931308059, -3.18200426628817], "rotation": [[0.9997995750005079, -0.004335889402641416, 0.019545073340667508], [0.00358639661801999, 0.999262907292127, 0.0382201500439817], [-0.019696385153176323, -0.03814239338550062, 0.99907818024353]], "fy": 58.013789760374294, "fx": 58.0137897603743}, {"id": 12, "img_name": "0225", "width": 424, "height": 308, "position": [-0.43417252784109717, -0.7548782632806552, -2.4110455465894503], "rotation": [[0.9998764151585043, -0.0058081605538586245, 0.014608890469811089], [0.0052229244528979556, 0.9991946424689273, 0.03978426223460558], [-0.014828198472426016, -0.03970304437159881, 0.9991014927411975]], "fy": 58.013789760374294, "fx": 58.0137897603743}, {"id": 13, "img_name": "0226", "width": 424, "height": 308, "position": [-0.28401492886186946, -0.6243844455087271, -2.0415204040037915], "rotation": [[0.9999286068074954, -0.004657830982096207, 0.011003903787450656], [0.004195166259110954, 0.9991213360184978, 0.04170079726660306], [-0.011188470319023206, -0.0416516569076686, 0.9990695459319966]], "fy": 58.013789760374294, "fx": 58.0137897603743}, {"id": 14, "img_name": "0227", "width": 424, "height": 308, "position": [-0.16970125414438844, -0.49638297344094046, -1.6912130970003034], "rotation": [[0.9998897296751258, -0.003899833210781269, 0.014328984302170516], [0.003327043389015993, 0.9992028101819749, 0.03978284689073692], [-0.014472707849306104, -0.039730786870792005, 0.9991056026777831]], "fy": 58.013789760374294, "fx": 58.0137897603743}, {"id": 15, "img_name": "0228", "width": 424, "height": 308, "position": [-0.03632186542388234, -0.3776312946608784, -1.3557773302466474], "rotation": [[0.9999485690817179, -0.0023206809206881528, 0.009872873517323185], [0.0019215388271682167, 0.9991879023371247, 0.04024727955616473], [-0.009958256873589496, -0.04022623849181955, 0.9991409724642658]], "fy": 58.013789760374294, "fx": 58.0137897603743}, {"id": 16, "img_name": "0229", "width": 424, "height": 308, "position": [0.09119432357167537, -0.31193493223383134, -1.039084273517958], "rotation": [[0.9999800289808762, 0.0016738190382716886, 0.00609425706982026], [-0.0019503668193378626, 0.9989551801746608, 0.045658997705613616], [-0.00601146476958494, -0.04566997188567475, 0.9989384945827674]], "fy": 58.013789760374294, "fx": 58.0137897603743}, {"id": 17, "img_name": "0230", "width": 424, "height": 308, "position": [0.20088441553118483, -0.20049027912690712, -0.7384862920067047], "rotation": [[0.999979912273232, 0.001485280528026085, 0.006161898390274244], [-0.001758108224563247, 0.9990073875711313, 0.044510095863457985], [-0.006089672034660062, -0.04452003504105274, 0.9989899310676029]], "fy": 58.013789760374294, "fx": 58.0137897603743}, {"id": 18, "img_name": "0231", "width": 424, "height": 308, "position": [0.3330002516914416, -0.10965238857263007, -0.4562408258767054], "rotation": [[0.9999857501123575, 0.0053380700327460605, -6.767976888728068e-05], [-0.005329576494248185, 0.9989668520664857, 0.045131187517811436], [0.00030852328530498634, -0.045130183698954746, 0.9989810665536564]], "fy": 58.013789760374294, "fx": 58.0137897603743}, {"id": 19, "img_name": "0233", "width": 424, "height": 308, "position": [0.503331725548811, 0.0681561486007614, 0.07626195494109146], "rotation": [[0.9999928198163036, 0.003592276672355888, -0.0012065919555734293], [-0.0035332836462663784, 0.9989455704931253, 0.04577404394238877], [0.0013697527196663514, -0.045769452044720396, 0.9989510904128456]], "fy": 58.013789760374294, "fx": 58.0137897603743}, {"id": 20, "img_name": "0234", "width": 424, "height": 308, "position": [0.5560863950824332, 0.15558473003218196, 0.3355733613110137], "rotation": [[0.9999918171320765, 0.0023672148369113136, -0.003280543065297136], [-0.00222048023068412, 0.9990276254869883, 0.04403263541255415], [0.003381587856688509, -0.044024990718291857, 0.9990247069296243]], "fy": 58.013789760374294, "fx": 58.0137897603743}, {"id": 21, "img_name": "0235", "width": 424, "height": 308, "position": [0.5770785697510062, 0.24349376582169757, 0.5990477306640736], "rotation": [[0.9999703648800652, 0.0027038564116009254, -0.007208226004694045], [-0.00240005269728436, 0.999121972040907, 0.04182732040352258], [0.0073149920491796154, -0.041808780723600655, 0.9990988523393101]], "fy": 58.013789760374294, "fx": 58.0137897603743}, {"id": 22, "img_name": "0236", "width": 424, "height": 308, "position": [0.5872889858671798, 0.29575846285010404, 0.8476384298703126], "rotation": [[0.9998872912563466, 0.0027261652699772784, -0.014763902159205743], [-0.0020394517178108184, 0.9989241109351373, 0.04632991721486299], [0.014874320849590032, -0.04629458516247996, 0.9988170833360317]], "fy": 58.013789760374294, "fx": 58.0137897603743}, {"id": 23, "img_name": "0237", "width": 424, "height": 308, "position": [0.5634945664889062, 0.3764856528725704, 1.109125050046292], "rotation": [[0.9998352785172648, 0.0027193774358601677, -0.01794493852497451], [-0.0019289243073007745, 0.9990331889665428, 0.04392000221262233], [0.018047024223413786, -0.043878153216622286, 0.9988738722115913]], "fy": 58.013789760374294, "fx": 58.0137897603743}, {"id": 24, "img_name": "0238", "width": 424, "height": 308, "position": [0.503188453170462, 0.47338484734422376, 1.3651155436839295], "rotation": [[0.999812277373934, 0.0023908748754567608, -0.01922742129557472], [-0.0016334997498952222, 0.9992257267133731, 0.03931003374074356], [0.019306519388918933, -0.03927124637010155, 0.999042054929433]], "fy": 58.013789760374294, "fx": 58.0137897603743}, {"id": 25, "img_name": "0239", "width": 424, "height": 308, "position": [0.45149257143567767, 0.5159898944607322, 1.6247563268542256], "rotation": [[0.9997554183233254, 0.001255835051384987, -0.02208000025987944], [-0.0002870889727753614, 0.9990392737359763, 0.043822906259335256], [0.022113821765454157, -0.04380584905485212, 0.9987952875717371]], "fy": 58.013789760374294, "fx": 58.0137897603743}, {"id": 26, "img_name": "0241", "width": 424, "height": 308, "position": [0.34082121451798636, 0.6730097270289317, 2.1640017243280343], "rotation": [[0.9993747971761061, -0.004012352047774755, -0.035127137661097124], [0.005390904335914002, 0.9992153379569421, 0.03923833001078391], [0.034942136735723155, -0.039403165134781745, 0.9986122559120247]], "fy": 58.013789760374294, "fx": 58.0137897603743}, {"id": 27, "img_name": "0242", "width": 424, "height": 308, "position": [0.2915811748058079, 0.762254125129762, 2.4327112268653908], "rotation": [[0.9989096952317739, -0.006823980870512443, -0.04618283292570589], [0.008404092309638622, 0.9993828500113577, 0.03410704231719718], [0.04592158538656801, -0.034457980037356895, 0.9983505674898621]], "fy": 58.013789760374294, "fx": 58.0137897603743}, {"id": 28, "img_name": "0243", "width": 424, "height": 308, "position": [0.25336929623418036, 0.8755115784501875, 2.7133163472302297], "rotation": [[0.9983865209551207, -0.010807207650141183, -0.055745484462304484], [0.012189085017840296, 0.9996253000375352, 0.024508890862206145], [0.05545972395854637, -0.02514883272985847, 0.9981441555360467]], "fy": 58.013789760374294, "fx": 58.0137897603743}, {"id": 29, "img_name": "0244", "width": 424, "height": 308, "position": [0.23589386087794043, 0.9846480239560728, 3.004132261969412], "rotation": [[0.9974282981839313, -0.015108399263551666, -0.07006087534137426], [0.016286347270976827, 0.9997349444127972, 0.016272547818661026], [0.06979645316544111, -0.017371735423801955, 0.9974099848777782]], "fy": 58.013789760374294, "fx": 58.0137897603743}, {"id": 30, "img_name": "0245", "width": 424, "height": 308, "position": [0.21013057999555101, 1.0382338701057374, 3.3002298380024646], "rotation": [[0.9963696934744165, -0.017085569255968627, -0.08339974369802611], [0.018642876615397087, 0.9996654259536345, 0.017929843960320956], [0.08306549871757844, -0.019419564262307145, 0.9963548581939379]], "fy": 58.013789760374294, "fx": 58.0137897603743}, {"id": 31, "img_name": "0246", "width": 424, "height": 308, "position": [0.2209522120499812, 1.1431144370172737, 3.6114517141659306], "rotation": [[0.9947257187059899, -0.019862219511666793, -0.10062920441363944], [0.021231759794184832, 0.9996957206767436, 0.012557007471846455], [0.1003491749886052, -0.014627313378619266, 0.9948447541111275]], "fy": 58.013789760374294, "fx": 58.0137897603743}, {"id": 32, "img_name": "0247", "width": 424, "height": 308, "position": [0.2239719794723252, 1.1966088346976365, 3.908197447600659], "rotation": [[0.993558629936781, -0.027017053044315727, -0.11005147760456144], [0.02912516466850793, 0.9994209355705348, 0.01759313293160949], [0.10951243610284156, -0.020685076459071052, 0.9937701715943698]], "fy": 58.013789760374294, "fx": 58.0137897603743}, {"id": 33, "img_name": "0249", "width": 424, "height": 308, "position": [0.3728731083714843, 1.4167003504851343, 4.577568934464289], "rotation": [[0.9881141037587602, -0.04057896530147218, -0.14826957047244732], [0.042715782468779925, 0.999023871739448, 0.011254582302477764], [0.14766814104979445, -0.017454262224032513, 0.988882939912057]], "fy": 58.013789760374294, "fx": 58.0137897603743}, {"id": 34, "img_name": "0250", "width": 424, "height": 308, "position": [0.48401798063114565, 1.510031530952428, 4.933532135191015], "rotation": [[0.984663987004825, -0.044893509978573165, -0.16858649251219732], [0.0476154053393719, 0.9987920207972812, 0.012135582641573507], [0.16783803463496802, -0.019976785364189578, 0.985612156061594]], "fy": 58.013789760374294, "fx": 58.0137897603743}, {"id": 35, "img_name": "0251", "width": 424, "height": 308, "position": [0.5859491048589681, 1.6301261248700145, 5.294944733226304], "rotation": [[0.9813637171841979, -0.051324041920856614, -0.1851785552252743], [0.053950546202276836, 0.9985015076397005, 0.009169395057543588], [0.18443045615865564, -0.01898899581735342, 0.9826621112462609]], "fy": 58.013789760374294, "fx": 58.0137897603743}, {"id": 36, "img_name": "0252", "width": 424, "height": 308, "position": [0.7310907198463641, 1.7897630048753053, 5.69420291832867], "rotation": [[0.9762509720458739, -0.05876422318174843, -0.20852051614489245], [0.06056448220306266, 0.9981617426517153, 0.0022536641200334674], [0.2080047669524946, -0.01482907887687836, 0.9780153962718081]], "fy": 58.013789760374294, "fx": 58.0137897603743}]